---
system-info:
      stress-ng-version: 0.07.09
      run-by: unknown
      date-yyyy-mm-dd: 2017:03:02
      time-hh-mm-ss: 06:21:12
      epoch-secs: 1488435672
      hostname: 799a3d9c67c7
      sysname: Linux
      nodename: 799a3d9c67c7
      release: 4.4.0-45-generic
      version: #66-Ubuntu SMP Wed Oct 19 14:12:37 UTC 2016
      machine: x86_64
      uptime: 4326
      totalram: 67289772032
      freeram: 65617874944
      sharedram: 12599296
      bufferram: 71049216
      totalswap: 3221221376
      freeswap: 3221221376
      pagesize: 4096
      cpus: 16
      cpus-online: 16
      ticks-per-second: 100

metrics:
    - stressor: cache
      bogo-ops: 185
      bogo-ops-per-second-usr-sys-time: 4.121185
      bogo-ops-per-second-real-time: 12.333714
      wall-clock-time: 14.999537
      user-time: 44.890000
      system-time: 0.000000

    - stressor: icache
      bogo-ops: 43614
      bogo-ops-per-second-usr-sys-time: 727.627628
      bogo-ops-per-second-real-time: 2907.495084
      wall-clock-time: 15.000541
      user-time: 9.800000
      system-time: 50.140000

times:
      run-time: 30.007452
      available-cpu-time: 480.119232
      user-time: 54.720001
      system-time: 50.160000
      total-time: 104.879997
      user-time-percent: 11.397169
      system-time-percent: 10.447405
      total-time-percent: 21.844573
      load-average-1-minute: 2.550000
      load-average-5-minute: 4.220000
      load-average-15-minute: 3.220000
...
