---
system-info:
      stress-ng-version: 0.07.09
      run-by: unknown
      date-yyyy-mm-dd: 2017:03:02
      time-hh-mm-ss: 06:44:53
      epoch-secs: 1488437093
      hostname: 0dc5e5df6fa4
      sysname: Linux
      nodename: 0dc5e5df6fa4
      release: 4.4.0-45-generic
      version: #66-Ubuntu SMP Wed Oct 19 14:12:37 UTC 2016
      machine: x86_64
      uptime: 5742
      totalram: 67289772032
      freeram: 65612259328
      sharedram: 12599296
      bufferram: 78942208
      totalswap: 3221221376
      freeswap: 3221221376
      pagesize: 4096
      cpus: 16
      cpus-online: 16
      ticks-per-second: 100

metrics:
    - stressor: cache
      bogo-ops: 187
      bogo-ops-per-second-usr-sys-time: 4.503854
      bogo-ops-per-second-real-time: 12.466648
      wall-clock-time: 15.000023
      user-time: 41.520000
      system-time: 0.000000

    - stressor: icache
      bogo-ops: 43528
      bogo-ops-per-second-usr-sys-time: 725.950634
      bogo-ops-per-second-real-time: 2901.752019
      wall-clock-time: 15.000593
      user-time: 10.000000
      system-time: 49.960000

times:
      run-time: 30.005534
      available-cpu-time: 480.088543
      user-time: 51.549999
      system-time: 49.970001
      total-time: 101.519997
      user-time-percent: 10.737602
      system-time-percent: 10.408497
      total-time-percent: 21.146099
      load-average-1-minute: 2.520000
      load-average-5-minute: 4.100000
      load-average-15-minute: 3.300000
...
