---
system-info:
      stress-ng-version: 0.07.09
      run-by: unknown
      date-yyyy-mm-dd: 2017:03:02
      time-hh-mm-ss: 06:44:53
      epoch-secs: 1488437093
      hostname: c9d2c6a4fb1e
      sysname: Linux
      nodename: c9d2c6a4fb1e
      release: 4.4.0-45-generic
      version: #66-Ubuntu SMP Wed Oct 19 14:12:37 UTC 2016
      machine: x86_64
      uptime: 5534
      totalram: 67306053632
      freeram: 65617952768
      sharedram: 13086720
      bufferram: 95555584
      totalswap: 3221221376
      freeswap: 3221221376
      pagesize: 4096
      cpus: 32
      cpus-online: 32
      ticks-per-second: 100

metrics:
    - stressor: cache
      bogo-ops: 114
      bogo-ops-per-second-usr-sys-time: 3.171071
      bogo-ops-per-second-real-time: 7.599854
      wall-clock-time: 15.000288
      user-time: 35.940000
      system-time: 0.010000

    - stressor: icache
      bogo-ops: 52718
      bogo-ops-per-second-usr-sys-time: 879.219480
      bogo-ops-per-second-real-time: 3514.517036
      wall-clock-time: 15.000070
      user-time: 9.700000
      system-time: 50.260000

times:
      run-time: 30.015217
      available-cpu-time: 960.486946
      user-time: 45.669998
      system-time: 50.299999
      total-time: 95.970001
      user-time-percent: 4.754880
      system-time-percent: 5.236927
      total-time-percent: 9.991807
      load-average-1-minute: 2.280000
      load-average-5-minute: 3.920000
      load-average-15-minute: 3.220000
...
