---
system-info:
      stress-ng-version: 0.07.09
      run-by: unknown
      date-yyyy-mm-dd: 2017:03:02
      time-hh-mm-ss: 05:56:14
      epoch-secs: 1488434174
      hostname: 13aa0d18734f
      sysname: Linux
      nodename: 13aa0d18734f
      release: 4.4.0-45-generic
      version: #66-Ubuntu SMP Wed Oct 19 14:12:37 UTC 2016
      machine: x86_64
      uptime: 2527
      totalram: 16639115264
      freeram: 15414558720
      sharedram: 12165120
      bufferram: 66867200
      totalswap: 3221221376
      freeswap: 3221221376
      pagesize: 4096
      cpus: 16
      cpus-online: 16
      ticks-per-second: 100

metrics:
    - stressor: cache
      bogo-ops: 55
      bogo-ops-per-second-usr-sys-time: 3.669113
      bogo-ops-per-second-real-time: 3.666823
      wall-clock-time: 14.999362
      user-time: 14.980000
      system-time: 0.010000

    - stressor: icache
      bogo-ops: 11756
      bogo-ops-per-second-usr-sys-time: 784.256171
      bogo-ops-per-second-real-time: 783.772936
      wall-clock-time: 14.999242
      user-time: 2.770000
      system-time: 12.220000

times:
      run-time: 30.001662
      available-cpu-time: 480.026592
      user-time: 17.760000
      system-time: 12.230000
      total-time: 29.990000
      user-time-percent: 3.699795
      system-time-percent: 2.547775
      total-time-percent: 6.247571
      load-average-1-minute: 3.370000
      load-average-5-minute: 4.630000
      load-average-15-minute: 2.780000
...
