---
system-info:
      stress-ng-version: 0.07.09
      run-by: unknown
      date-yyyy-mm-dd: 2017:03:02
      time-hh-mm-ss: 07:47:23
      epoch-secs: 1488440843
      hostname: 792e08954dae
      sysname: Linux
      nodename: 792e08954dae
      release: 3.13.0-107-generic
      version: #154~precise1-Ubuntu SMP Tue Dec 20 10:36:28 UTC 2016
      machine: x86_64
      uptime: 1343396
      totalram: 8371712000
      freeram: 3134304256
      sharedram: 0
      bufferram: 875245568
      totalswap: 8587833344
      freeswap: 8587833344
      pagesize: 4096
      cpus: 4
      cpus-online: 4
      ticks-per-second: 100

metrics:
    - stressor: cache
      bogo-ops: 303
      bogo-ops-per-second-usr-sys-time: 20.281124
      bogo-ops-per-second-real-time: 20.203378
      wall-clock-time: 14.997492
      user-time: 14.940000
      system-time: 0.000000

    - stressor: icache
      bogo-ops: 5435
      bogo-ops-per-second-usr-sys-time: 362.575050
      bogo-ops-per-second-real-time: 362.341471
      wall-clock-time: 14.999663
      user-time: 5.110000
      system-time: 9.880000

times:
      run-time: 30.004471
      available-cpu-time: 120.017884
      user-time: 20.059999
      system-time: 9.890000
      total-time: 29.950001
      user-time-percent: 16.714175
      system-time-percent: 8.240439
      total-time-percent: 24.954615
      load-average-1-minute: 3.340000
      load-average-5-minute: 5.020000
      load-average-15-minute: 3.560000
...
