---
system-info:
      stress-ng-version: 0.07.09
      run-by: unknown
      date-yyyy-mm-dd: 2017:03:02
      time-hh-mm-ss: 08:12:06
      epoch-secs: 1488442326
      hostname: 583d2f86a423
      sysname: Linux
      nodename: 583d2f86a423
      release: 4.4.0-13-generic
      version: #29~14.04.1-Ubuntu SMP Fri Mar 11 20:25:40 UTC 2016
      machine: x86_64
      uptime: 731241
      totalram: 8245215232
      freeram: 5164765184
      sharedram: 4214784
      bufferram: 985673728
      totalswap: 0
      freeswap: 0
      pagesize: 4096
      cpus: 4
      cpus-online: 4
      ticks-per-second: 100

metrics:
    - stressor: cache
      bogo-ops: 263
      bogo-ops-per-second-usr-sys-time: 6.872224
      bogo-ops-per-second-real-time: 17.532826
      wall-clock-time: 15.000434
      user-time: 38.270000
      system-time: 0.000000

    - stressor: icache
      bogo-ops: 54079
      bogo-ops-per-second-usr-sys-time: 902.068390
      bogo-ops-per-second-real-time: 3605.261380
      wall-clock-time: 15.000022
      user-time: 9.170000
      system-time: 50.780000

times:
      run-time: 30.023355
      available-cpu-time: 120.093420
      user-time: 47.480000
      system-time: 50.810001
      total-time: 98.290001
      user-time-percent: 39.535888
      system-time-percent: 42.308730
      total-time-percent: 81.844618
      load-average-1-minute: 3.120000
      load-average-5-minute: 4.600000
      load-average-15-minute: 3.580000
...
