---
system-info:
      stress-ng-version: 0.07.09
      run-by: unknown
      date-yyyy-mm-dd: 2017:03:02
      time-hh-mm-ss: 08:11:24
      epoch-secs: 1488442284
      hostname: 87a869be67fa
      sysname: Linux
      nodename: 87a869be67fa
      release: 3.13.0-107-generic
      version: #154~precise1-Ubuntu SMP Tue Dec 20 10:36:28 UTC 2016
      machine: x86_64
      uptime: 1344837
      totalram: 8371712000
      freeram: 3159539712
      sharedram: 0
      bufferram: 875249664
      totalswap: 8587833344
      freeswap: 8587833344
      pagesize: 4096
      cpus: 4
      cpus-online: 4
      ticks-per-second: 100

metrics:
    - stressor: cache
      bogo-ops: 301
      bogo-ops-per-second-usr-sys-time: 20.133779
      bogo-ops-per-second-real-time: 20.069605
      wall-clock-time: 14.997804
      user-time: 14.950000
      system-time: 0.000000

    - stressor: icache
      bogo-ops: 4518
      bogo-ops-per-second-usr-sys-time: 301.200000
      bogo-ops-per-second-real-time: 301.246072
      wall-clock-time: 14.997706
      user-time: 5.740000
      system-time: 9.260000

times:
      run-time: 30.002797
      available-cpu-time: 120.011188
      user-time: 20.700001
      system-time: 9.260000
      total-time: 29.959999
      user-time-percent: 17.248393
      system-time-percent: 7.715948
      total-time-percent: 24.964338
      load-average-1-minute: 3.030000
      load-average-5-minute: 4.690000
      load-average-15-minute: 3.570000
...
