---
system-info:
      stress-ng-version: 0.07.09
      run-by: unknown
      date-yyyy-mm-dd: 2017:03:02
      time-hh-mm-ss: 05:56:14
      epoch-secs: 1488434174
      hostname: 84f265158424
      sysname: Linux
      nodename: 84f265158424
      release: 4.4.0-45-generic
      version: #66-Ubuntu SMP Wed Oct 19 14:12:37 UTC 2016
      machine: x86_64
      uptime: 2368
      totalram: 50471026688
      freeram: 49268064256
      sharedram: 12410880
      bufferram: 69492736
      totalswap: 3221221376
      freeswap: 3221221376
      pagesize: 4096
      cpus: 32
      cpus-online: 32
      ticks-per-second: 100

metrics:
    - stressor: cache
      bogo-ops: 68
      bogo-ops-per-second-usr-sys-time: 4.548495
      bogo-ops-per-second-real-time: 4.533545
      wall-clock-time: 14.999301
      user-time: 14.950000
      system-time: 0.000000

    - stressor: icache
      bogo-ops: 11647
      bogo-ops-per-second-usr-sys-time: 776.984656
      bogo-ops-per-second-real-time: 776.479761
      wall-clock-time: 14.999747
      user-time: 2.370000
      system-time: 12.620000

times:
      run-time: 30.002953
      available-cpu-time: 960.094490
      user-time: 17.320000
      system-time: 12.630000
      total-time: 29.950001
      user-time-percent: 1.803989
      system-time-percent: 1.315496
      total-time-percent: 3.119485
      load-average-1-minute: 3.130000
      load-average-5-minute: 4.520000
      load-average-15-minute: 2.690000
...
