---
system-info:
      stress-ng-version: 0.07.09
      run-by: unknown
      date-yyyy-mm-dd: 2017:03:02
      time-hh-mm-ss: 05:56:14
      epoch-secs: 1488434174
      hostname: be9cd443d9c7
      sysname: Linux
      nodename: be9cd443d9c7
      release: 4.4.0-45-generic
      version: #66-Ubuntu SMP Wed Oct 19 14:12:37 UTC 2016
      machine: x86_64
      uptime: 2366
      totalram: 50471026688
      freeram: 49274679296
      sharedram: 12406784
      bufferram: 69435392
      totalswap: 3221221376
      freeswap: 3221221376
      pagesize: 4096
      cpus: 32
      cpus-online: 32
      ticks-per-second: 100

metrics:
    - stressor: cache
      bogo-ops: 70
      bogo-ops-per-second-usr-sys-time: 4.679144
      bogo-ops-per-second-real-time: 4.667086
      wall-clock-time: 14.998651
      user-time: 14.960000
      system-time: 0.000000

    - stressor: icache
      bogo-ops: 11587
      bogo-ops-per-second-usr-sys-time: 772.981988
      bogo-ops-per-second-real-time: 772.444726
      wall-clock-time: 15.000426
      user-time: 2.370000
      system-time: 12.620000

times:
      run-time: 30.005355
      available-cpu-time: 960.171356
      user-time: 17.330000
      system-time: 12.620000
      total-time: 29.950001
      user-time-percent: 1.804886
      system-time-percent: 1.314349
      total-time-percent: 3.119235
      load-average-1-minute: 3.270000
      load-average-5-minute: 4.590000
      load-average-15-minute: 2.710000
...
