---
system-info:
      stress-ng-version: 0.07.09
      run-by: unknown
      date-yyyy-mm-dd: 2017:03:02
      time-hh-mm-ss: 05:56:14
      epoch-secs: 1488434174
      hostname: b1d9e8bc6575
      sysname: Linux
      nodename: b1d9e8bc6575
      release: 4.4.0-45-generic
      version: #66-Ubuntu SMP Wed Oct 19 14:12:37 UTC 2016
      machine: x86_64
      uptime: 2795
      totalram: 67289772032
      freeram: 66002976768
      sharedram: 12132352
      bufferram: 47472640
      totalswap: 3221221376
      freeswap: 3221221376
      pagesize: 4096
      cpus: 16
      cpus-online: 16
      ticks-per-second: 100

metrics:
    - stressor: cache
      bogo-ops: 100
      bogo-ops-per-second-usr-sys-time: 6.680027
      bogo-ops-per-second-real-time: 6.666894
      wall-clock-time: 14.999488
      user-time: 14.970000
      system-time: 0.000000

    - stressor: icache
      bogo-ops: 11337
      bogo-ops-per-second-usr-sys-time: 756.304203
      bogo-ops-per-second-real-time: 755.758185
      wall-clock-time: 15.000830
      user-time: 2.350000
      system-time: 12.640000

times:
      run-time: 30.002437
      available-cpu-time: 480.038994
      user-time: 17.320000
      system-time: 12.640000
      total-time: 29.959999
      user-time-percent: 3.608040
      system-time-percent: 2.633119
      total-time-percent: 6.241159
      load-average-1-minute: 3.120000
      load-average-5-minute: 4.520000
      load-average-15-minute: 2.640000
...
