---
system-info:
      stress-ng-version: 0.07.09
      run-by: unknown
      date-yyyy-mm-dd: 2017:03:02
      time-hh-mm-ss: 06:21:12
      epoch-secs: 1488435672
      hostname: 8b402d690a84
      sysname: Linux
      nodename: 8b402d690a84
      release: 4.4.0-45-generic
      version: #66-Ubuntu SMP Wed Oct 19 14:12:37 UTC 2016
      machine: x86_64
      uptime: 4321
      totalram: 67289772032
      freeram: 65625034752
      sharedram: 12599296
      bufferram: 71086080
      totalswap: 3221221376
      freeswap: 3221221376
      pagesize: 4096
      cpus: 16
      cpus-online: 16
      ticks-per-second: 100

metrics:
    - stressor: cache
      bogo-ops: 214
      bogo-ops-per-second-usr-sys-time: 4.378965
      bogo-ops-per-second-real-time: 14.266623
      wall-clock-time: 15.000046
      user-time: 48.870000
      system-time: 0.000000

    - stressor: icache
      bogo-ops: 43795
      bogo-ops-per-second-usr-sys-time: 730.525438
      bogo-ops-per-second-real-time: 2919.546176
      wall-clock-time: 15.000619
      user-time: 9.410000
      system-time: 50.540000

times:
      run-time: 30.005630
      available-cpu-time: 480.090080
      user-time: 58.299999
      system-time: 50.560001
      total-time: 108.860001
      user-time-percent: 12.143554
      system-time-percent: 10.531357
      total-time-percent: 22.674911
      load-average-1-minute: 2.620000
      load-average-5-minute: 4.160000
      load-average-15-minute: 3.200000
...
