---
system-info:
      stress-ng-version: 0.07.09
      run-by: unknown
      date-yyyy-mm-dd: 2017:03:02
      time-hh-mm-ss: 08:12:07
      epoch-secs: 1488442327
      hostname: fab9d5b56712
      sysname: Linux
      nodename: fab9d5b56712
      release: 4.4.0-59-generic
      version: #80-Ubuntu SMP Fri Jan 6 17:47:47 UTC 2017
      machine: x86_64
      uptime: 569173
      totalram: 8370167808
      freeram: 3067809792
      sharedram: 143331328
      bufferram: 701571072
      totalswap: 8587833344
      freeswap: 8587833344
      pagesize: 4096
      cpus: 4
      cpus-online: 4
      ticks-per-second: 100

metrics:
    - stressor: cache
      bogo-ops: 285
      bogo-ops-per-second-usr-sys-time: 19.076305
      bogo-ops-per-second-real-time: 19.002907
      wall-clock-time: 14.997705
      user-time: 14.930000
      system-time: 0.010000

    - stressor: icache
      bogo-ops: 4839
      bogo-ops-per-second-usr-sys-time: 323.030708
      bogo-ops-per-second-real-time: 322.640308
      wall-clock-time: 14.998126
      user-time: 6.000000
      system-time: 8.980000

times:
      run-time: 30.002921
      available-cpu-time: 120.011683
      user-time: 20.940001
      system-time: 9.000000
      total-time: 29.940001
      user-time-percent: 17.448302
      system-time-percent: 7.499270
      total-time-percent: 24.947571
      load-average-1-minute: 4.320000
      load-average-5-minute: 5.590000
      load-average-15-minute: 3.960000
...
