---
system-info:
      stress-ng-version: 0.07.09
      run-by: unknown
      date-yyyy-mm-dd: 2017:03:02
      time-hh-mm-ss: 08:12:09
      epoch-secs: 1488442329
      hostname: 01b19a275ba2
      sysname: Linux
      nodename: 01b19a275ba2
      release: 3.13.0-107-generic
      version: #154~precise1-Ubuntu SMP Tue Dec 20 10:36:28 UTC 2016
      machine: x86_64
      uptime: 1344882
      totalram: 8371712000
      freeram: 3152330752
      sharedram: 0
      bufferram: 875249664
      totalswap: 8587833344
      freeswap: 8587833344
      pagesize: 4096
      cpus: 4
      cpus-online: 4
      ticks-per-second: 100

metrics:
    - stressor: cache
      bogo-ops: 640
      bogo-ops-per-second-usr-sys-time: 19.282917
      bogo-ops-per-second-real-time: 42.668656
      wall-clock-time: 14.999301
      user-time: 33.170000
      system-time: 0.020000

    - stressor: icache
      bogo-ops: 18811
      bogo-ops-per-second-usr-sys-time: 315.462016
      bogo-ops-per-second-real-time: 1254.087283
      wall-clock-time: 14.999753
      user-time: 22.140000
      system-time: 37.490000

times:
      run-time: 30.031670
      available-cpu-time: 120.126679
      user-time: 55.330002
      system-time: 37.549999
      total-time: 92.879997
      user-time-percent: 46.059711
      system-time-percent: 31.258667
      total-time-percent: 77.318376
      load-average-1-minute: 2.970000
      load-average-5-minute: 4.420000
      load-average-15-minute: 3.530000
...
