---
system-info:
      stress-ng-version: 0.07.09
      run-by: unknown
      date-yyyy-mm-dd: 2017:03:02
      time-hh-mm-ss: 08:12:51
      epoch-secs: 1488442371
      hostname: f7ac3114ac82
      sysname: Linux
      nodename: f7ac3114ac82
      release: 4.4.0-59-generic
      version: #80-Ubuntu SMP Fri Jan 6 17:47:47 UTC 2017
      machine: x86_64
      uptime: 569218
      totalram: 8370167808
      freeram: 3069497344
      sharedram: 143794176
      bufferram: 701579264
      totalswap: 8587833344
      freeswap: 8587833344
      pagesize: 4096
      cpus: 4
      cpus-online: 4
      ticks-per-second: 100

metrics:
    - stressor: cache
      bogo-ops: 635
      bogo-ops-per-second-usr-sys-time: 18.955224
      bogo-ops-per-second-real-time: 42.328544
      wall-clock-time: 15.001697
      user-time: 33.490000
      system-time: 0.010000

    - stressor: icache
      bogo-ops: 20285
      bogo-ops-per-second-usr-sys-time: 339.384307
      bogo-ops-per-second-real-time: 1352.317519
      wall-clock-time: 15.000175
      user-time: 16.420000
      system-time: 43.350000

times:
      run-time: 30.033828
      available-cpu-time: 120.135312
      user-time: 49.939999
      system-time: 43.380001
      total-time: 93.320000
      user-time-percent: 41.569791
      system-time-percent: 36.109284
      total-time-percent: 77.679075
      load-average-1-minute: 3.560000
      load-average-5-minute: 5.170000
      load-average-15-minute: 3.900000
...
