---
system-info:
      stress-ng-version: 0.07.09
      run-by: unknown
      date-yyyy-mm-dd: 2017:03:02
      time-hh-mm-ss: 05:57:04
      epoch-secs: 1488434224
      hostname: f69ce76328be
      sysname: Linux
      nodename: f69ce76328be
      release: 4.4.0-45-generic
      version: #66-Ubuntu SMP Wed Oct 19 14:12:37 UTC 2016
      machine: x86_64
      uptime: 2873
      totalram: 67289772032
      freeram: 66002579456
      sharedram: 12591104
      bufferram: 47456256
      totalswap: 3221221376
      freeswap: 3221221376
      pagesize: 4096
      cpus: 16
      cpus-online: 16
      ticks-per-second: 100

metrics:
    - stressor: cache
      bogo-ops: 204
      bogo-ops-per-second-usr-sys-time: 4.732081
      bogo-ops-per-second-real-time: 13.600298
      wall-clock-time: 14.999671
      user-time: 43.110000
      system-time: 0.000000

    - stressor: icache
      bogo-ops: 43482
      bogo-ops-per-second-usr-sys-time: 725.183456
      bogo-ops-per-second-real-time: 2898.760376
      wall-clock-time: 15.000205
      user-time: 10.190000
      system-time: 49.770000

times:
      run-time: 30.012085
      available-cpu-time: 480.193359
      user-time: 53.320000
      system-time: 49.790001
      total-time: 103.110001
      user-time-percent: 11.103860
      system-time-percent: 10.368740
      total-time-percent: 21.472600
      load-average-1-minute: 2.820000
      load-average-5-minute: 4.290000
      load-average-15-minute: 2.710000
...
