---
system-info:
      stress-ng-version: 0.07.09
      run-by: unknown
      date-yyyy-mm-dd: 2017:03:02
      time-hh-mm-ss: 05:57:05
      epoch-secs: 1488434225
      hostname: ae0546b25ee3
      sysname: Linux
      nodename: ae0546b25ee3
      release: 4.4.0-45-generic
      version: #66-Ubuntu SMP Wed Oct 19 14:12:37 UTC 2016
      machine: x86_64
      uptime: 2419
      totalram: 50471026688
      freeram: 49256767488
      sharedram: 12869632
      bufferram: 69722112
      totalswap: 3221221376
      freeswap: 3221221376
      pagesize: 4096
      cpus: 32
      cpus-online: 32
      ticks-per-second: 100

metrics:
    - stressor: cache
      bogo-ops: 112
      bogo-ops-per-second-usr-sys-time: 2.995453
      bogo-ops-per-second-real-time: 7.466827
      wall-clock-time: 14.999678
      user-time: 37.390000
      system-time: 0.000000

    - stressor: icache
      bogo-ops: 46783
      bogo-ops-per-second-usr-sys-time: 780.497164
      bogo-ops-per-second-real-time: 3118.754227
      wall-clock-time: 15.000541
      user-time: 9.190000
      system-time: 50.750000

times:
      run-time: 30.011730
      available-cpu-time: 960.375366
      user-time: 46.590000
      system-time: 50.770000
      total-time: 97.360001
      user-time-percent: 4.851228
      system-time-percent: 5.286475
      total-time-percent: 10.137703
      load-average-1-minute: 2.740000
      load-average-5-minute: 4.090000
      load-average-15-minute: 2.630000
...
