---
system-info:
      stress-ng-version: 0.07.09
      run-by: unknown
      date-yyyy-mm-dd: 2017:03:02
      time-hh-mm-ss: 06:21:13
      epoch-secs: 1488435673
      hostname: 9cad8ba24a22
      sysname: Linux
      nodename: 9cad8ba24a22
      release: 4.4.0-45-generic
      version: #66-Ubuntu SMP Wed Oct 19 14:12:37 UTC 2016
      machine: x86_64
      uptime: 3864
      totalram: 50471026688
      freeram: 48868577280
      sharedram: 12877824
      bufferram: 90976256
      totalswap: 3221221376
      freeswap: 3221221376
      pagesize: 4096
      cpus: 32
      cpus-online: 32
      ticks-per-second: 100

metrics:
    - stressor: cache
      bogo-ops: 161
      bogo-ops-per-second-usr-sys-time: 3.338171
      bogo-ops-per-second-real-time: 10.733575
      wall-clock-time: 14.999662
      user-time: 48.230000
      system-time: 0.000000

    - stressor: icache
      bogo-ops: 46709
      bogo-ops-per-second-usr-sys-time: 779.132611
      bogo-ops-per-second-real-time: 3113.891870
      wall-clock-time: 15.000200
      user-time: 10.630000
      system-time: 49.320000

times:
      run-time: 30.011893
      available-cpu-time: 960.380569
      user-time: 58.889999
      system-time: 49.340000
      total-time: 108.230003
      user-time-percent: 6.131944
      system-time-percent: 5.137547
      total-time-percent: 11.269491
      load-average-1-minute: 2.500000
      load-average-5-minute: 4.150000
      load-average-15-minute: 3.190000
...
