---
system-info:
      stress-ng-version: 0.07.09
      run-by: unknown
      date-yyyy-mm-dd: 2017:03:02
      time-hh-mm-ss: 06:20:21
      epoch-secs: 1488435621
      hostname: cfdd6665b218
      sysname: Linux
      nodename: cfdd6665b218
      release: 4.4.0-45-generic
      version: #66-Ubuntu SMP Wed Oct 19 14:12:37 UTC 2016
      machine: x86_64
      uptime: 4278
      totalram: 67289772032
      freeram: 65625280512
      sharedram: 12136448
      bufferram: 70754304
      totalswap: 3221221376
      freeswap: 3221221376
      pagesize: 4096
      cpus: 16
      cpus-online: 16
      ticks-per-second: 100

metrics:
    - stressor: cache
      bogo-ops: 101
      bogo-ops-per-second-usr-sys-time: 6.746827
      bogo-ops-per-second-real-time: 6.733584
      wall-clock-time: 14.999441
      user-time: 14.970000
      system-time: 0.000000

    - stressor: icache
      bogo-ops: 11397
      bogo-ops-per-second-usr-sys-time: 760.306871
      bogo-ops-per-second-real-time: 759.779084
      wall-clock-time: 15.000413
      user-time: 2.300000
      system-time: 12.690000

times:
      run-time: 30.002557
      available-cpu-time: 480.040909
      user-time: 17.270000
      system-time: 12.690000
      total-time: 29.959999
      user-time-percent: 3.597610
      system-time-percent: 2.643525
      total-time-percent: 6.241135
      load-average-1-minute: 3.330000
      load-average-5-minute: 4.780000
      load-average-15-minute: 3.370000
...
