---
system-info:
      stress-ng-version: 0.07.09
      run-by: unknown
      date-yyyy-mm-dd: 2017:03:02
      time-hh-mm-ss: 05:57:05
      epoch-secs: 1488434225
      hostname: f80eb1aea894
      sysname: Linux
      nodename: f80eb1aea894
      release: 4.4.0-45-generic
      version: #66-Ubuntu SMP Wed Oct 19 14:12:37 UTC 2016
      machine: x86_64
      uptime: 2419
      totalram: 50471026688
      freeram: 49257140224
      sharedram: 12873728
      bufferram: 69632000
      totalswap: 3221221376
      freeswap: 3221221376
      pagesize: 4096
      cpus: 32
      cpus-online: 32
      ticks-per-second: 100

metrics:
    - stressor: cache
      bogo-ops: 152
      bogo-ops-per-second-usr-sys-time: 3.368048
      bogo-ops-per-second-real-time: 10.133772
      wall-clock-time: 14.999350
      user-time: 45.130000
      system-time: 0.000000

    - stressor: icache
      bogo-ops: 46740
      bogo-ops-per-second-usr-sys-time: 779.649708
      bogo-ops-per-second-real-time: 3116.099504
      wall-clock-time: 14.999521
      user-time: 8.940000
      system-time: 51.010000

times:
      run-time: 30.008987
      available-cpu-time: 960.287582
      user-time: 54.099998
      system-time: 51.029999
      total-time: 105.129997
      user-time-percent: 5.633729
      system-time-percent: 5.314033
      total-time-percent: 10.947762
      load-average-1-minute: 2.750000
      load-average-5-minute: 4.160000
      load-average-15-minute: 2.660000
...
