---
system-info:
      stress-ng-version: 0.07.09
      run-by: unknown
      date-yyyy-mm-dd: 2017:03:02
      time-hh-mm-ss: 07:23:00
      epoch-secs: 1488439380
      hostname: 6540087e899c
      sysname: Linux
      nodename: 6540087e899c
      release: 4.4.0-62-generic
      version: #83-Ubuntu SMP Wed Jan 18 14:10:15 UTC 2017
      machine: x86_64
      uptime: 1289660
      totalram: 12553879552
      freeram: 9789087744
      sharedram: 35315712
      bufferram: 840384512
      totalswap: 12839624704
      freeswap: 12839624704
      pagesize: 4096
      cpus: 8
      cpus-online: 8
      ticks-per-second: 100

metrics:
    - stressor: cache
      bogo-ops: 93
      bogo-ops-per-second-usr-sys-time: 6.208278
      bogo-ops-per-second-real-time: 6.200115
      wall-clock-time: 14.999723
      user-time: 14.980000
      system-time: 0.000000

    - stressor: icache
      bogo-ops: 10011
      bogo-ops-per-second-usr-sys-time: 667.845230
      bogo-ops-per-second-real-time: 667.361028
      wall-clock-time: 15.000876
      user-time: 1.920000
      system-time: 13.070000

times:
      run-time: 30.002669
      available-cpu-time: 240.021353
      user-time: 16.900000
      system-time: 13.080000
      total-time: 29.980000
      user-time-percent: 7.041040
      system-time-percent: 5.449515
      total-time-percent: 12.490555
      load-average-1-minute: 3.310000
      load-average-5-minute: 4.590000
      load-average-15-minute: 2.650000
...
