---
system-info:
      stress-ng-version: 0.07.09
      run-by: unknown
      date-yyyy-mm-dd: 2017:03:02
      time-hh-mm-ss: 06:44:02
      epoch-secs: 1488437042
      hostname: aaa5a23e596a
      sysname: Linux
      nodename: aaa5a23e596a
      release: 4.4.0-45-generic
      version: #66-Ubuntu SMP Wed Oct 19 14:12:37 UTC 2016
      machine: x86_64
      uptime: 5391
      totalram: 16639115264
      freeram: 15031808000
      sharedram: 12177408
      bufferram: 94326784
      totalswap: 3221221376
      freeswap: 3221221376
      pagesize: 4096
      cpus: 16
      cpus-online: 16
      ticks-per-second: 100

metrics:
    - stressor: cache
      bogo-ops: 57
      bogo-ops-per-second-usr-sys-time: 3.805073
      bogo-ops-per-second-real-time: 3.800106
      wall-clock-time: 14.999581
      user-time: 14.980000
      system-time: 0.000000

    - stressor: icache
      bogo-ops: 11788
      bogo-ops-per-second-usr-sys-time: 786.390927
      bogo-ops-per-second-real-time: 785.872375
      wall-clock-time: 14.999891
      user-time: 2.130000
      system-time: 12.860000

times:
      run-time: 30.002249
      available-cpu-time: 480.035984
      user-time: 17.120001
      system-time: 12.870000
      total-time: 29.990000
      user-time-percent: 3.566399
      system-time-percent: 2.681049
      total-time-percent: 6.247448
      load-average-1-minute: 3.090000
      load-average-5-minute: 4.500000
      load-average-15-minute: 3.320000
...
