---
system-info:
      stress-ng-version: 0.07.09
      run-by: unknown
      date-yyyy-mm-dd: 2017:03:02
      time-hh-mm-ss: 06:44:02
      epoch-secs: 1488437042
      hostname: 55b30ec32e10
      sysname: Linux
      nodename: 55b30ec32e10
      release: 4.4.0-45-generic
      version: #66-Ubuntu SMP Wed Oct 19 14:12:37 UTC 2016
      machine: x86_64
      uptime: 5696
      totalram: 67289772032
      freeram: 65612402688
      sharedram: 12136448
      bufferram: 78675968
      totalswap: 3221221376
      freeswap: 3221221376
      pagesize: 4096
      cpus: 16
      cpus-online: 16
      ticks-per-second: 100

metrics:
    - stressor: cache
      bogo-ops: 98
      bogo-ops-per-second-usr-sys-time: 6.546426
      bogo-ops-per-second-real-time: 6.533620
      wall-clock-time: 14.999342
      user-time: 14.970000
      system-time: 0.000000

    - stressor: icache
      bogo-ops: 11327
      bogo-ops-per-second-usr-sys-time: 755.637091
      bogo-ops-per-second-real-time: 755.083202
      wall-clock-time: 15.000996
      user-time: 2.950000
      system-time: 12.040000

times:
      run-time: 30.002489
      available-cpu-time: 480.039825
      user-time: 17.920000
      system-time: 12.040000
      total-time: 29.959999
      user-time-percent: 3.733024
      system-time-percent: 2.508125
      total-time-percent: 6.241149
      load-average-1-minute: 3.330000
      load-average-5-minute: 4.740000
      load-average-15-minute: 3.490000
...
