---
system-info:
      stress-ng-version: 0.07.09
      run-by: unknown
      date-yyyy-mm-dd: 2017:03:02
      time-hh-mm-ss: 07:47:22
      epoch-secs: 1488440842
      hostname: 37edf54f762a
      sysname: Linux
      nodename: 37edf54f762a
      release: 4.4.0-62-generic
      version: #83-Ubuntu SMP Wed Jan 18 14:10:15 UTC 2017
      machine: x86_64
      uptime: 1291122
      totalram: 12553879552
      freeram: 9772068864
      sharedram: 43704320
      bufferram: 848084992
      totalswap: 12839624704
      freeswap: 12839624704
      pagesize: 4096
      cpus: 8
      cpus-online: 8
      ticks-per-second: 100

metrics:
    - stressor: cache
      bogo-ops: 89
      bogo-ops-per-second-usr-sys-time: 5.937292
      bogo-ops-per-second-real-time: 5.933472
      wall-clock-time: 14.999649
      user-time: 14.980000
      system-time: 0.010000

    - stressor: icache
      bogo-ops: 9643
      bogo-ops-per-second-usr-sys-time: 643.724967
      bogo-ops-per-second-real-time: 642.883169
      wall-clock-time: 14.999615
      user-time: 2.100000
      system-time: 12.880000

times:
      run-time: 30.001585
      available-cpu-time: 240.012680
      user-time: 17.080000
      system-time: 12.900000
      total-time: 29.980000
      user-time-percent: 7.116291
      system-time-percent: 5.374716
      total-time-percent: 12.491007
      load-average-1-minute: 3.710000
      load-average-5-minute: 4.710000
      load-average-15-minute: 3.260000
...
