---
system-info:
      stress-ng-version: 0.07.09
      run-by: unknown
      date-yyyy-mm-dd: 2017:03:02
      time-hh-mm-ss: 06:44:53
      epoch-secs: 1488437093
      hostname: eb608e4b7a94
      sysname: Linux
      nodename: eb608e4b7a94
      release: 4.4.0-45-generic
      version: #66-Ubuntu SMP Wed Oct 19 14:12:37 UTC 2016
      machine: x86_64
      uptime: 5431
      totalram: 16639115264
      freeram: 15028805632
      sharedram: 12636160
      bufferram: 94392320
      totalswap: 3221221376
      freeswap: 3221221376
      pagesize: 4096
      cpus: 16
      cpus-online: 16
      ticks-per-second: 100

metrics:
    - stressor: cache
      bogo-ops: 148
      bogo-ops-per-second-usr-sys-time: 2.936508
      bogo-ops-per-second-real-time: 9.866419
      wall-clock-time: 15.000376
      user-time: 50.400000
      system-time: 0.000000

    - stressor: icache
      bogo-ops: 45653
      bogo-ops-per-second-usr-sys-time: 761.263965
      bogo-ops-per-second-real-time: 3043.453020
      wall-clock-time: 15.000396
      user-time: 15.080000
      system-time: 44.890000

times:
      run-time: 30.007755
      available-cpu-time: 480.124081
      user-time: 65.510002
      system-time: 44.900002
      total-time: 110.410004
      user-time-percent: 13.644390
      system-time-percent: 9.351750
      total-time-percent: 22.996140
      load-average-1-minute: 2.620000
      load-average-5-minute: 4.040000
      load-average-15-minute: 3.240000
...
