---
system-info:
      stress-ng-version: 0.07.09
      run-by: unknown
      date-yyyy-mm-dd: 2017:03:02
      time-hh-mm-ss: 06:44:02
      epoch-secs: 1488437042
      hostname: 1b1c8330b9ab
      sysname: Linux
      nodename: 1b1c8330b9ab
      release: 4.4.0-45-generic
      version: #66-Ubuntu SMP Wed Oct 19 14:12:37 UTC 2016
      machine: x86_64
      uptime: 5380
      totalram: 16639115264
      freeram: 15030259712
      sharedram: 12173312
      bufferram: 94253056
      totalswap: 3221221376
      freeswap: 3221221376
      pagesize: 4096
      cpus: 16
      cpus-online: 16
      ticks-per-second: 100

metrics:
    - stressor: cache
      bogo-ops: 60
      bogo-ops-per-second-usr-sys-time: 4.002668
      bogo-ops-per-second-real-time: 4.000117
      wall-clock-time: 14.999563
      user-time: 14.990000
      system-time: 0.000000

    - stressor: icache
      bogo-ops: 11376
      bogo-ops-per-second-usr-sys-time: 758.905937
      bogo-ops-per-second-real-time: 758.390646
      wall-clock-time: 15.000185
      user-time: 3.350000
      system-time: 11.640000

times:
      run-time: 30.002552
      available-cpu-time: 480.040833
      user-time: 18.340000
      system-time: 11.650000
      total-time: 29.990000
      user-time-percent: 3.820508
      system-time-percent: 2.426877
      total-time-percent: 6.247385
      load-average-1-minute: 3.290000
      load-average-5-minute: 4.490000
      load-average-15-minute: 3.330000
...
