---
system-info:
      stress-ng-version: 0.07.09
      run-by: unknown
      date-yyyy-mm-dd: 2017:03:02
      time-hh-mm-ss: 07:47:23
      epoch-secs: 1488440843
      hostname: 6562c3d4624e
      sysname: Linux
      nodename: 6562c3d4624e
      release: 3.13.0-108-generic
      version: #155-Ubuntu SMP Wed Jan 11 16:58:52 UTC 2017
      machine: x86_64
      uptime: 1343363
      totalram: 8372051968
      freeram: 5931012096
      sharedram: 0
      bufferram: 386179072
      totalswap: 8587833344
      freeswap: 8587833344
      pagesize: 4096
      cpus: 4
      cpus-online: 4
      ticks-per-second: 100

metrics:
    - stressor: cache
      bogo-ops: 307
      bogo-ops-per-second-usr-sys-time: 20.480320
      bogo-ops-per-second-real-time: 20.469628
      wall-clock-time: 14.997830
      user-time: 14.990000
      system-time: 0.000000

    - stressor: icache
      bogo-ops: 5103
      bogo-ops-per-second-usr-sys-time: 340.426951
      bogo-ops-per-second-real-time: 340.234702
      wall-clock-time: 14.998470
      user-time: 4.710000
      system-time: 10.280000

times:
      run-time: 30.002803
      available-cpu-time: 120.011212
      user-time: 19.700001
      system-time: 10.280000
      total-time: 29.980000
      user-time-percent: 16.415134
      system-time-percent: 8.565866
      total-time-percent: 24.980999
      load-average-1-minute: 3.770000
      load-average-5-minute: 5.050000
      load-average-15-minute: 3.590000
...
