---
system-info:
      stress-ng-version: 0.07.09
      run-by: unknown
      date-yyyy-mm-dd: 2017:03:02
      time-hh-mm-ss: 05:56:14
      epoch-secs: 1488434174
      hostname: 6335425fecd3
      sysname: Linux
      nodename: 6335425fecd3
      release: 4.4.0-45-generic
      version: #66-Ubuntu SMP Wed Oct 19 14:12:37 UTC 2016
      machine: x86_64
      uptime: 2822
      totalram: 67289772032
      freeram: 66011254784
      sharedram: 12128256
      bufferram: 47308800
      totalswap: 3221221376
      freeswap: 3221221376
      pagesize: 4096
      cpus: 16
      cpus-online: 16
      ticks-per-second: 100

metrics:
    - stressor: cache
      bogo-ops: 110
      bogo-ops-per-second-usr-sys-time: 7.348029
      bogo-ops-per-second-real-time: 7.333625
      wall-clock-time: 14.999404
      user-time: 14.970000
      system-time: 0.000000

    - stressor: icache
      bogo-ops: 11384
      bogo-ops-per-second-usr-sys-time: 759.439626
      bogo-ops-per-second-real-time: 758.919329
      wall-clock-time: 15.000277
      user-time: 2.370000
      system-time: 12.620000

times:
      run-time: 30.001731
      available-cpu-time: 480.027695
      user-time: 17.340000
      system-time: 12.620000
      total-time: 29.959999
      user-time-percent: 3.612292
      system-time-percent: 2.629015
      total-time-percent: 6.241306
      load-average-1-minute: 3.360000
      load-average-5-minute: 4.700000
      load-average-15-minute: 2.750000
...
