---
system-info:
      stress-ng-version: 0.07.09
      run-by: unknown
      date-yyyy-mm-dd: 2017:03:02
      time-hh-mm-ss: 07:48:46
      epoch-secs: 1488440926
      hostname: ed385b766e0c
      sysname: Linux
      nodename: ed385b766e0c
      release: 4.2.0-35-generic
      version: #40~14.04.1-Ubuntu SMP Fri Mar 18 16:37:35 UTC 2016
      machine: x86_64
      uptime: 4799505
      totalram: 67517272064
      freeram: 64136642560
      sharedram: 3817472
      bufferram: 327897088
      totalswap: 68681723904
      freeswap: 68681723904
      pagesize: 4096
      cpus: 24
      cpus-online: 24
      ticks-per-second: 100

metrics:
    - stressor: cache
      bogo-ops: 96
      bogo-ops-per-second-usr-sys-time: 6.417112
      bogo-ops-per-second-real-time: 6.400236
      wall-clock-time: 14.999446
      user-time: 14.960000
      system-time: 0.000000

    - stressor: icache
      bogo-ops: 13398
      bogo-ops-per-second-usr-sys-time: 893.795864
      bogo-ops-per-second-real-time: 893.279439
      wall-clock-time: 14.998666
      user-time: 2.660000
      system-time: 12.330000

times:
      run-time: 30.002010
      available-cpu-time: 720.048237
      user-time: 17.629999
      system-time: 12.340000
      total-time: 29.969999
      user-time-percent: 2.448447
      system-time-percent: 1.713774
      total-time-percent: 4.162221
      load-average-1-minute: 3.680000
      load-average-5-minute: 4.820000
      load-average-15-minute: 3.320000
...
