---
system-info:
      stress-ng-version: 0.07.09
      run-by: unknown
      date-yyyy-mm-dd: 2017:03:02
      time-hh-mm-ss: 08:12:09
      epoch-secs: 1488442329
      hostname: aeee999eadea
      sysname: Linux
      nodename: aeee999eadea
      release: 3.13.0-106-generic
      version: #153~precise1-Ubuntu SMP Tue Dec 6 16:12:15 UTC 2016
      machine: x86_64
      uptime: 4801104
      totalram: 8371712000
      freeram: 5404323840
      sharedram: 0
      bufferram: 392384512
      totalswap: 8587833344
      freeswap: 8586891264
      pagesize: 4096
      cpus: 4
      cpus-online: 4
      ticks-per-second: 100

metrics:
    - stressor: cache
      bogo-ops: 572
      bogo-ops-per-second-usr-sys-time: 19.034942
      bogo-ops-per-second-real-time: 38.131067
      wall-clock-time: 15.000892
      user-time: 30.050000
      system-time: 0.000000

    - stressor: icache
      bogo-ops: 21241
      bogo-ops-per-second-usr-sys-time: 355.378953
      bogo-ops-per-second-real-time: 1416.125791
      wall-clock-time: 14.999374
      user-time: 22.620000
      system-time: 37.150000

times:
      run-time: 30.026209
      available-cpu-time: 120.104836
      user-time: 52.709999
      system-time: 37.189999
      total-time: 89.900002
      user-time-percent: 43.886659
      system-time-percent: 30.964614
      total-time-percent: 74.851276
      load-average-1-minute: 3.280000
      load-average-5-minute: 4.640000
      load-average-15-minute: 3.590000
...
