---
system-info:
      stress-ng-version: 0.07.09
      run-by: unknown
      date-yyyy-mm-dd: 2017:03:02
      time-hh-mm-ss: 06:20:21
      epoch-secs: 1488435621
      hostname: 9e0b99e87921
      sysname: Linux
      nodename: 9e0b99e87921
      release: 4.4.0-45-generic
      version: #66-Ubuntu SMP Wed Oct 19 14:12:37 UTC 2016
      machine: x86_64
      uptime: 4063
      totalram: 67306053632
      freeram: 65659727872
      sharedram: 12623872
      bufferram: 87584768
      totalswap: 3221221376
      freeswap: 3221221376
      pagesize: 4096
      cpus: 32
      cpus-online: 32
      ticks-per-second: 100

metrics:
    - stressor: cache
      bogo-ops: 54
      bogo-ops-per-second-usr-sys-time: 3.602402
      bogo-ops-per-second-real-time: 3.600186
      wall-clock-time: 14.999225
      user-time: 14.980000
      system-time: 0.010000

    - stressor: icache
      bogo-ops: 13459
      bogo-ops-per-second-usr-sys-time: 897.865243
      bogo-ops-per-second-real-time: 897.258894
      wall-clock-time: 15.000130
      user-time: 3.510000
      system-time: 11.480000

times:
      run-time: 30.002709
      available-cpu-time: 960.086685
      user-time: 18.500000
      system-time: 11.490000
      total-time: 29.990000
      user-time-percent: 1.926909
      system-time-percent: 1.196767
      total-time-percent: 3.123676
      load-average-1-minute: 3.020000
      load-average-5-minute: 4.520000
      load-average-15-minute: 3.260000
...
