---
system-info:
      stress-ng-version: 0.07.09
      run-by: unknown
      date-yyyy-mm-dd: 2017:03:02
      time-hh-mm-ss: 06:21:13
      epoch-secs: 1488435673
      hostname: a2848c637139
      sysname: Linux
      nodename: a2848c637139
      release: 4.4.0-45-generic
      version: #66-Ubuntu SMP Wed Oct 19 14:12:37 UTC 2016
      machine: x86_64
      uptime: 3864
      totalram: 50471026688
      freeram: 48868433920
      sharedram: 12877824
      bufferram: 91009024
      totalswap: 3221221376
      freeswap: 3221221376
      pagesize: 4096
      cpus: 32
      cpus-online: 32
      ticks-per-second: 100

metrics:
    - stressor: cache
      bogo-ops: 119
      bogo-ops-per-second-usr-sys-time: 3.262061
      bogo-ops-per-second-real-time: 7.933582
      wall-clock-time: 14.999530
      user-time: 36.480000
      system-time: 0.000000

    - stressor: icache
      bogo-ops: 46502
      bogo-ops-per-second-usr-sys-time: 775.679733
      bogo-ops-per-second-real-time: 3100.096229
      wall-clock-time: 15.000180
      user-time: 9.470000
      system-time: 50.480000

times:
      run-time: 30.014406
      available-cpu-time: 960.460991
      user-time: 45.980000
      system-time: 50.490002
      total-time: 96.470001
      user-time-percent: 4.787284
      system-time-percent: 5.256851
      total-time-percent: 10.044135
      load-average-1-minute: 2.820000
      load-average-5-minute: 4.390000
      load-average-15-minute: 3.300000
...
