---
system-info:
      stress-ng-version: 0.07.09
      run-by: unknown
      date-yyyy-mm-dd: 2017:03:02
      time-hh-mm-ss: 06:44:02
      epoch-secs: 1488437042
      hostname: 4f2c8c7c1323
      sysname: Linux
      nodename: 4f2c8c7c1323
      release: 4.4.0-45-generic
      version: #66-Ubuntu SMP Wed Oct 19 14:12:37 UTC 2016
      machine: x86_64
      uptime: 5664
      totalram: 67289772032
      freeram: 65613631488
      sharedram: 12140544
      bufferram: 78647296
      totalswap: 3221221376
      freeswap: 3221221376
      pagesize: 4096
      cpus: 16
      cpus-online: 16
      ticks-per-second: 100

metrics:
    - stressor: cache
      bogo-ops: 98
      bogo-ops-per-second-usr-sys-time: 6.546426
      bogo-ops-per-second-real-time: 6.533540
      wall-clock-time: 14.999525
      user-time: 14.970000
      system-time: 0.000000

    - stressor: icache
      bogo-ops: 11298
      bogo-ops-per-second-usr-sys-time: 753.702468
      bogo-ops-per-second-real-time: 753.189704
      wall-clock-time: 15.000205
      user-time: 2.360000
      system-time: 12.630000

times:
      run-time: 30.001789
      available-cpu-time: 480.028625
      user-time: 17.340000
      system-time: 12.630000
      total-time: 29.969999
      user-time-percent: 3.612285
      system-time-percent: 2.631093
      total-time-percent: 6.243378
      load-average-1-minute: 2.820000
      load-average-5-minute: 4.220000
      load-average-15-minute: 3.200000
...
