---
system-info:
      stress-ng-version: 0.07.09
      run-by: unknown
      date-yyyy-mm-dd: 2017:03:02
      time-hh-mm-ss: 05:57:04
      epoch-secs: 1488434224
      hostname: 5fd1d4e5c1f0
      sysname: Linux
      nodename: 5fd1d4e5c1f0
      release: 4.4.0-45-generic
      version: #66-Ubuntu SMP Wed Oct 19 14:12:37 UTC 2016
      machine: x86_64
      uptime: 2666
      totalram: 67306053632
      freeram: 66035384320
      sharedram: 13082624
      bufferram: 63057920
      totalswap: 3221221376
      freeswap: 3221221376
      pagesize: 4096
      cpus: 32
      cpus-online: 32
      ticks-per-second: 100

metrics:
    - stressor: cache
      bogo-ops: 121
      bogo-ops-per-second-usr-sys-time: 2.954823
      bogo-ops-per-second-real-time: 8.066882
      wall-clock-time: 14.999600
      user-time: 40.950000
      system-time: 0.000000

    - stressor: icache
      bogo-ops: 52930
      bogo-ops-per-second-usr-sys-time: 883.049716
      bogo-ops-per-second-real-time: 3528.649028
      wall-clock-time: 15.000075
      user-time: 9.930000
      system-time: 50.010000

times:
      run-time: 30.015193
      available-cpu-time: 960.486176
      user-time: 50.900002
      system-time: 50.060001
      total-time: 100.959999
      user-time-percent: 5.299400
      system-time-percent: 5.211944
      total-time-percent: 10.511343
      load-average-1-minute: 2.630000
      load-average-5-minute: 4.070000
      load-average-15-minute: 2.640000
...
