---
system-info:
      stress-ng-version: 0.07.09
      run-by: unknown
      date-yyyy-mm-dd: 2017:03:02
      time-hh-mm-ss: 07:23:01
      epoch-secs: 1488439381
      hostname: 60d34f562888
      sysname: Linux
      nodename: 60d34f562888
      release: 3.13.0-108-generic
      version: #155-Ubuntu SMP Wed Jan 11 16:58:52 UTC 2017
      machine: x86_64
      uptime: 1341901
      totalram: 8372051968
      freeram: 6260375552
      sharedram: 0
      bufferram: 379277312
      totalswap: 8587833344
      freeswap: 8587833344
      pagesize: 4096
      cpus: 4
      cpus-online: 4
      ticks-per-second: 100

metrics:
    - stressor: cache
      bogo-ops: 311
      bogo-ops-per-second-usr-sys-time: 20.747165
      bogo-ops-per-second-real-time: 20.736095
      wall-clock-time: 14.998002
      user-time: 14.990000
      system-time: 0.000000

    - stressor: icache
      bogo-ops: 6628
      bogo-ops-per-second-usr-sys-time: 442.161441
      bogo-ops-per-second-real-time: 441.881311
      wall-clock-time: 14.999503
      user-time: 5.430000
      system-time: 9.560000

times:
      run-time: 30.003998
      available-cpu-time: 120.015991
      user-time: 20.430000
      system-time: 9.560000
      total-time: 29.990000
      user-time-percent: 17.022732
      system-time-percent: 7.965606
      total-time-percent: 24.988337
      load-average-1-minute: 3.830000
      load-average-5-minute: 5.260000
      load-average-15-minute: 3.020000
...
