---
system-info:
      stress-ng-version: 0.07.09
      run-by: unknown
      date-yyyy-mm-dd: 2017:03:02
      time-hh-mm-ss: 07:25:10
      epoch-secs: 1488439510
      hostname: 294d1c4185d3
      sysname: Linux
      nodename: 294d1c4185d3
      release: 4.2.0-35-generic
      version: #40~14.04.1-Ubuntu SMP Fri Mar 18 16:37:35 UTC 2016
      machine: x86_64
      uptime: 4798089
      totalram: 67517272064
      freeram: 64134631424
      sharedram: 4280320
      bufferram: 327897088
      totalswap: 68681723904
      freeswap: 68681723904
      pagesize: 4096
      cpus: 24
      cpus-online: 24
      ticks-per-second: 100

metrics:
    - stressor: cache
      bogo-ops: 180
      bogo-ops-per-second-usr-sys-time: 4.031355
      bogo-ops-per-second-real-time: 12.000222
      wall-clock-time: 14.999722
      user-time: 44.650000
      system-time: 0.000000

    - stressor: icache
      bogo-ops: 51086
      bogo-ops-per-second-usr-sys-time: 851.717239
      bogo-ops-per-second-real-time: 3405.667387
      wall-clock-time: 15.000290
      user-time: 9.510000
      system-time: 50.470000

times:
      run-time: 30.005206
      available-cpu-time: 720.124947
      user-time: 54.180000
      system-time: 50.490002
      total-time: 104.669998
      user-time-percent: 7.523694
      system-time-percent: 7.011284
      total-time-percent: 14.534977
      load-average-1-minute: 2.640000
      load-average-5-minute: 4.270000
      load-average-15-minute: 2.670000
...
