---
system-info:
      stress-ng-version: 0.07.09
      run-by: unknown
      date-yyyy-mm-dd: 2017:03:02
      time-hh-mm-ss: 06:20:21
      epoch-secs: 1488435621
      hostname: 29ea00adbcf4
      sysname: Linux
      nodename: 29ea00adbcf4
      release: 4.4.0-45-generic
      version: #66-Ubuntu SMP Wed Oct 19 14:12:37 UTC 2016
      machine: x86_64
      uptime: 4063
      totalram: 67306053632
      freeram: 65662611456
      sharedram: 12623872
      bufferram: 87404544
      totalswap: 3221221376
      freeswap: 3221221376
      pagesize: 4096
      cpus: 32
      cpus-online: 32
      ticks-per-second: 100

metrics:
    - stressor: cache
      bogo-ops: 53
      bogo-ops-per-second-usr-sys-time: 3.535690
      bogo-ops-per-second-real-time: 3.533521
      wall-clock-time: 14.999204
      user-time: 14.990000
      system-time: 0.000000

    - stressor: icache
      bogo-ops: 13132
      bogo-ops-per-second-usr-sys-time: 876.050700
      bogo-ops-per-second-real-time: 875.514231
      wall-clock-time: 14.999185
      user-time: 2.150000
      system-time: 12.840000

times:
      run-time: 30.001841
      available-cpu-time: 960.058914
      user-time: 17.139999
      system-time: 12.850000
      total-time: 29.990000
      user-time-percent: 1.785307
      system-time-percent: 1.338460
      total-time-percent: 3.123767
      load-average-1-minute: 3.250000
      load-average-5-minute: 4.620000
      load-average-15-minute: 3.280000
...
