---
system-info:
      stress-ng-version: 0.07.09
      run-by: unknown
      date-yyyy-mm-dd: 2017:03:02
      time-hh-mm-ss: 06:44:54
      epoch-secs: 1488437094
      hostname: c413399faab1
      sysname: Linux
      nodename: c413399faab1
      release: 4.4.0-45-generic
      version: #66-Ubuntu SMP Wed Oct 19 14:12:37 UTC 2016
      machine: x86_64
      uptime: 5286
      totalram: 50471026688
      freeram: 48855982080
      sharedram: 12877824
      bufferram: 96407552
      totalswap: 3221221376
      freeswap: 3221221376
      pagesize: 4096
      cpus: 32
      cpus-online: 32
      ticks-per-second: 100

metrics:
    - stressor: cache
      bogo-ops: 146
      bogo-ops-per-second-usr-sys-time: 2.977769
      bogo-ops-per-second-real-time: 9.734050
      wall-clock-time: 14.998896
      user-time: 49.030000
      system-time: 0.000000

    - stressor: icache
      bogo-ops: 46555
      bogo-ops-per-second-usr-sys-time: 776.563803
      bogo-ops-per-second-real-time: 3103.674843
      wall-clock-time: 14.999960
      user-time: 8.530000
      system-time: 51.420000

times:
      run-time: 30.006792
      available-cpu-time: 960.217346
      user-time: 57.570000
      system-time: 51.450001
      total-time: 109.019997
      user-time-percent: 5.995518
      system-time-percent: 5.358162
      total-time-percent: 11.353679
      load-average-1-minute: 2.520000
      load-average-5-minute: 4.200000
      load-average-15-minute: 3.360000
...
