---
system-info:
      stress-ng-version: 0.07.09
      run-by: unknown
      date-yyyy-mm-dd: 2017:03:02
      time-hh-mm-ss: 06:21:12
      epoch-secs: 1488435672
      hostname: 0789752be141
      sysname: Linux
      nodename: 0789752be141
      release: 4.4.0-45-generic
      version: #66-Ubuntu SMP Wed Oct 19 14:12:37 UTC 2016
      machine: x86_64
      uptime: 4021
      totalram: 16639115264
      freeram: 15037014016
      sharedram: 12640256
      bufferram: 88293376
      totalswap: 3221221376
      freeswap: 3221221376
      pagesize: 4096
      cpus: 16
      cpus-online: 16
      ticks-per-second: 100

metrics:
    - stressor: cache
      bogo-ops: 126
      bogo-ops-per-second-usr-sys-time: 2.746893
      bogo-ops-per-second-real-time: 8.400301
      wall-clock-time: 14.999463
      user-time: 45.870000
      system-time: 0.000000

    - stressor: icache
      bogo-ops: 45758
      bogo-ops-per-second-usr-sys-time: 763.142095
      bogo-ops-per-second-real-time: 3050.438350
      wall-clock-time: 15.000467
      user-time: 8.740000
      system-time: 51.220000

times:
      run-time: 30.004667
      available-cpu-time: 480.074673
      user-time: 54.639999
      system-time: 51.240002
      total-time: 105.879997
      user-time-percent: 11.381563
      system-time-percent: 10.673340
      total-time-percent: 22.054902
      load-average-1-minute: 2.350000
      load-average-5-minute: 4.020000
      load-average-15-minute: 3.100000
...
