---
system-info:
      stress-ng-version: 0.07.09
      run-by: unknown
      date-yyyy-mm-dd: 2017:03:02
      time-hh-mm-ss: 06:44:02
      epoch-secs: 1488437042
      hostname: 97efe8cf4c0e
      sysname: Linux
      nodename: 97efe8cf4c0e
      release: 4.4.0-45-generic
      version: #66-Ubuntu SMP Wed Oct 19 14:12:37 UTC 2016
      machine: x86_64
      uptime: 5483
      totalram: 67306053632
      freeram: 65639378944
      sharedram: 12623872
      bufferram: 95363072
      totalswap: 3221221376
      freeswap: 3221221376
      pagesize: 4096
      cpus: 32
      cpus-online: 32
      ticks-per-second: 100

metrics:
    - stressor: cache
      bogo-ops: 53
      bogo-ops-per-second-usr-sys-time: 3.535690
      bogo-ops-per-second-real-time: 3.533518
      wall-clock-time: 14.999216
      user-time: 14.980000
      system-time: 0.010000

    - stressor: icache
      bogo-ops: 13520
      bogo-ops-per-second-usr-sys-time: 901.333333
      bogo-ops-per-second-real-time: 901.366686
      wall-clock-time: 14.999445
      user-time: 1.860000
      system-time: 13.140000

times:
      run-time: 30.002157
      available-cpu-time: 960.069016
      user-time: 16.840000
      system-time: 13.150000
      total-time: 29.990000
      user-time-percent: 1.754041
      system-time-percent: 1.369693
      total-time-percent: 3.123734
      load-average-1-minute: 2.990000
      load-average-5-minute: 4.410000
      load-average-15-minute: 3.330000
...
