---
system-info:
      stress-ng-version: 0.07.09
      run-by: unknown
      date-yyyy-mm-dd: 2017:03:02
      time-hh-mm-ss: 08:11:23
      epoch-secs: 1488442283
      hostname: c07060a785a6
      sysname: Linux
      nodename: c07060a785a6
      release: 4.4.0-62-generic
      version: #83-Ubuntu SMP Wed Jan 18 14:10:15 UTC 2017
      machine: x86_64
      uptime: 1292563
      totalram: 12553879552
      freeram: 9760894976
      sharedram: 43708416
      bufferram: 853508096
      totalswap: 12839624704
      freeswap: 12839624704
      pagesize: 4096
      cpus: 8
      cpus-online: 8
      ticks-per-second: 100

metrics:
    - stressor: cache
      bogo-ops: 102
      bogo-ops-per-second-usr-sys-time: 6.809079
      bogo-ops-per-second-real-time: 6.800131
      wall-clock-time: 14.999711
      user-time: 14.980000
      system-time: 0.000000

    - stressor: icache
      bogo-ops: 9785
      bogo-ops-per-second-usr-sys-time: 652.768512
      bogo-ops-per-second-real-time: 652.321368
      wall-clock-time: 15.000275
      user-time: 1.930000
      system-time: 13.060000

times:
      run-time: 30.002188
      available-cpu-time: 240.017504
      user-time: 16.920000
      system-time: 13.060000
      total-time: 29.980000
      user-time-percent: 7.049486
      system-time-percent: 5.441270
      total-time-percent: 12.490755
      load-average-1-minute: 3.620000
      load-average-5-minute: 4.580000
      load-average-15-minute: 3.340000
...
