---
system-info:
      stress-ng-version: 0.07.09
      run-by: unknown
      date-yyyy-mm-dd: 2017:03:02
      time-hh-mm-ss: 05:57:04
      epoch-secs: 1488434224
      hostname: 4b164204579d
      sysname: Linux
      nodename: 4b164204579d
      release: 4.4.0-45-generic
      version: #66-Ubuntu SMP Wed Oct 19 14:12:37 UTC 2016
      machine: x86_64
      uptime: 2578
      totalram: 16639115264
      freeram: 15414976512
      sharedram: 12627968
      bufferram: 67006464
      totalswap: 3221221376
      freeswap: 3221221376
      pagesize: 4096
      cpus: 16
      cpus-online: 16
      ticks-per-second: 100

metrics:
    - stressor: cache
      bogo-ops: 137
      bogo-ops-per-second-usr-sys-time: 2.818350
      bogo-ops-per-second-real-time: 9.133571
      wall-clock-time: 14.999610
      user-time: 48.610000
      system-time: 0.000000

    - stressor: icache
      bogo-ops: 45570
      bogo-ops-per-second-usr-sys-time: 760.006671
      bogo-ops-per-second-real-time: 3038.003730
      wall-clock-time: 14.999982
      user-time: 11.530000
      system-time: 48.430000

times:
      run-time: 30.005149
      available-cpu-time: 480.082382
      user-time: 60.169998
      system-time: 48.459999
      total-time: 108.629997
      user-time-percent: 12.533265
      system-time-percent: 10.094101
      total-time-percent: 22.627366
      load-average-1-minute: 2.580000
      load-average-5-minute: 4.170000
      load-average-15-minute: 2.730000
...
