---
system-info:
      stress-ng-version: 0.07.09
      run-by: unknown
      date-yyyy-mm-dd: 2017:03:02
      time-hh-mm-ss: 06:44:02
      epoch-secs: 1488437042
      hostname: 55faaef718af
      sysname: Linux
      nodename: 55faaef718af
      release: 4.4.0-45-generic
      version: #66-Ubuntu SMP Wed Oct 19 14:12:37 UTC 2016
      machine: x86_64
      uptime: 5396
      totalram: 16639115264
      freeram: 15036649472
      sharedram: 12173312
      bufferram: 94244864
      totalswap: 3221221376
      freeswap: 3221221376
      pagesize: 4096
      cpus: 16
      cpus-online: 16
      ticks-per-second: 100

metrics:
    - stressor: cache
      bogo-ops: 57
      bogo-ops-per-second-usr-sys-time: 3.802535
      bogo-ops-per-second-real-time: 3.800146
      wall-clock-time: 14.999425
      user-time: 14.990000
      system-time: 0.000000

    - stressor: icache
      bogo-ops: 11791
      bogo-ops-per-second-usr-sys-time: 786.066667
      bogo-ops-per-second-real-time: 786.045652
      wall-clock-time: 15.000401
      user-time: 2.800000
      system-time: 12.200000

times:
      run-time: 30.002675
      available-cpu-time: 480.042801
      user-time: 17.790001
      system-time: 12.200000
      total-time: 29.990000
      user-time-percent: 3.705920
      system-time-percent: 2.541440
      total-time-percent: 6.247360
      load-average-1-minute: 3.220000
      load-average-5-minute: 4.520000
      load-average-15-minute: 3.320000
...
