---
system-info:
      stress-ng-version: 0.07.09
      run-by: unknown
      date-yyyy-mm-dd: 2017:03:02
      time-hh-mm-ss: 05:56:14
      epoch-secs: 1488434174
      hostname: a20dd927fc37
      sysname: Linux
      nodename: a20dd927fc37
      release: 4.4.0-45-generic
      version: #66-Ubuntu SMP Wed Oct 19 14:12:37 UTC 2016
      machine: x86_64
      uptime: 2616
      totalram: 67306053632
      freeram: 66048782336
      sharedram: 12619776
      bufferram: 62914560
      totalswap: 3221221376
      freeswap: 3221221376
      pagesize: 4096
      cpus: 32
      cpus-online: 32
      ticks-per-second: 100

metrics:
    - stressor: cache
      bogo-ops: 55
      bogo-ops-per-second-usr-sys-time: 3.669113
      bogo-ops-per-second-real-time: 3.666857
      wall-clock-time: 14.999220
      user-time: 14.990000
      system-time: 0.000000

    - stressor: icache
      bogo-ops: 13575
      bogo-ops-per-second-usr-sys-time: 905.603736
      bogo-ops-per-second-real-time: 905.044479
      wall-clock-time: 14.999263
      user-time: 2.730000
      system-time: 12.260000

times:
      run-time: 30.001895
      available-cpu-time: 960.060638
      user-time: 17.719999
      system-time: 12.260000
      total-time: 29.980000
      user-time-percent: 1.845717
      system-time-percent: 1.277003
      total-time-percent: 3.122719
      load-average-1-minute: 2.860000
      load-average-5-minute: 4.420000
      load-average-15-minute: 2.660000
...
