---
system-info:
      stress-ng-version: 0.07.09
      run-by: unknown
      date-yyyy-mm-dd: 2017:03:02
      time-hh-mm-ss: 08:13:55
      epoch-secs: 1488442435
      hostname: 90e479fd9d4d
      sysname: Linux
      nodename: 90e479fd9d4d
      release: 4.2.0-35-generic
      version: #40~14.04.1-Ubuntu SMP Fri Mar 18 16:37:35 UTC 2016
      machine: x86_64
      uptime: 1344274
      totalram: 67540008960
      freeram: 65557565440
      sharedram: 3981312
      bufferram: 191389696
      totalswap: 2047864832
      freeswap: 2047864832
      pagesize: 4096
      cpus: 16
      cpus-online: 16
      ticks-per-second: 100

metrics:
    - stressor: cache
      bogo-ops: 284
      bogo-ops-per-second-usr-sys-time: 6.425339
      bogo-ops-per-second-real-time: 18.933727
      wall-clock-time: 14.999688
      user-time: 44.200000
      system-time: 0.000000

    - stressor: icache
      bogo-ops: 34591
      bogo-ops-per-second-usr-sys-time: 576.516667
      bogo-ops-per-second-real-time: 2306.166984
      wall-clock-time: 14.999348
      user-time: 10.940000
      system-time: 49.060000

times:
      run-time: 30.009941
      available-cpu-time: 480.159054
      user-time: 55.180000
      system-time: 49.080002
      total-time: 104.260002
      user-time-percent: 11.492025
      system-time-percent: 10.221613
      total-time-percent: 21.713639
      load-average-1-minute: 2.840000
      load-average-5-minute: 4.490000
      load-average-15-minute: 3.410000
...
