---
system-info:
      stress-ng-version: 0.07.09
      run-by: unknown
      date-yyyy-mm-dd: 2017:03:02
      time-hh-mm-ss: 08:11:24
      epoch-secs: 1488442284
      hostname: c3fcac0be472
      sysname: Linux
      nodename: c3fcac0be472
      release: 3.13.0-106-generic
      version: #153-Ubuntu SMP Tue Dec 6 15:44:32 UTC 2016
      machine: x86_64
      uptime: 4801088
      totalram: 8372051968
      freeram: 5119713280
      sharedram: 0
      bufferram: 400388096
      totalswap: 8587833344
      freeswap: 8587833344
      pagesize: 4096
      cpus: 4
      cpus-online: 4
      ticks-per-second: 100

metrics:
    - stressor: cache
      bogo-ops: 301
      bogo-ops-per-second-usr-sys-time: 20.147256
      bogo-ops-per-second-real-time: 20.069367
      wall-clock-time: 14.997982
      user-time: 14.930000
      system-time: 0.010000

    - stressor: icache
      bogo-ops: 4229
      bogo-ops-per-second-usr-sys-time: 282.309746
      bogo-ops-per-second-real-time: 281.951210
      wall-clock-time: 14.999049
      user-time: 5.170000
      system-time: 9.810000

times:
      run-time: 30.003947
      available-cpu-time: 120.015789
      user-time: 20.110001
      system-time: 9.830000
      total-time: 29.940001
      user-time-percent: 16.756129
      system-time-percent: 8.190589
      total-time-percent: 24.946718
      load-average-1-minute: 3.290000
      load-average-5-minute: 4.850000
      load-average-15-minute: 3.600000
...
