---
system-info:
      stress-ng-version: 0.07.09
      run-by: unknown
      date-yyyy-mm-dd: 2017:03:02
      time-hh-mm-ss: 05:57:05
      epoch-secs: 1488434225
      hostname: 65497d5f11fb
      sysname: Linux
      nodename: 65497d5f11fb
      release: 4.4.0-45-generic
      version: #66-Ubuntu SMP Wed Oct 19 14:12:37 UTC 2016
      machine: x86_64
      uptime: 2417
      totalram: 50471026688
      freeram: 49248616448
      sharedram: 12869632
      bufferram: 69550080
      totalswap: 3221221376
      freeswap: 3221221376
      pagesize: 4096
      cpus: 32
      cpus-online: 32
      ticks-per-second: 100

metrics:
    - stressor: cache
      bogo-ops: 121
      bogo-ops-per-second-usr-sys-time: 3.098592
      bogo-ops-per-second-real-time: 8.067045
      wall-clock-time: 14.999297
      user-time: 39.050000
      system-time: 0.000000

    - stressor: icache
      bogo-ops: 46693
      bogo-ops-per-second-usr-sys-time: 778.995662
      bogo-ops-per-second-real-time: 3112.898197
      wall-clock-time: 14.999848
      user-time: 9.810000
      system-time: 50.130000

times:
      run-time: 30.009461
      available-cpu-time: 960.302757
      user-time: 48.889999
      system-time: 50.150002
      total-time: 99.040001
      user-time-percent: 5.091103
      system-time-percent: 5.222312
      total-time-percent: 10.313414
      load-average-1-minute: 2.680000
      load-average-5-minute: 4.260000
      load-average-15-minute: 2.720000
...
