---
system-info:
      stress-ng-version: 0.07.09
      run-by: unknown
      date-yyyy-mm-dd: 2017:03:02
      time-hh-mm-ss: 08:12:47
      epoch-secs: 1488442367
      hostname: cc979f0c540b
      sysname: Linux
      nodename: cc979f0c540b
      release: 4.2.0-35-generic
      version: #40~14.04.1-Ubuntu SMP Fri Mar 18 16:37:35 UTC 2016
      machine: x86_64
      uptime: 4800947
      totalram: 67517272064
      freeram: 64137973760
      sharedram: 3821568
      bufferram: 327901184
      totalswap: 68681723904
      freeswap: 68681723904
      pagesize: 4096
      cpus: 24
      cpus-online: 24
      ticks-per-second: 100

metrics:
    - stressor: cache
      bogo-ops: 100
      bogo-ops-per-second-usr-sys-time: 6.684492
      bogo-ops-per-second-real-time: 6.666889
      wall-clock-time: 14.999500
      user-time: 14.960000
      system-time: 0.000000

    - stressor: icache
      bogo-ops: 13387
      bogo-ops-per-second-usr-sys-time: 892.466667
      bogo-ops-per-second-real-time: 892.486129
      wall-clock-time: 14.999673
      user-time: 2.440000
      system-time: 12.560000

times:
      run-time: 30.002040
      available-cpu-time: 720.048964
      user-time: 17.400000
      system-time: 12.560000
      total-time: 29.959999
      user-time-percent: 2.416502
      system-time-percent: 1.744326
      total-time-percent: 4.160828
      load-average-1-minute: 3.560000
      load-average-5-minute: 4.760000
      load-average-15-minute: 3.440000
...
