---
system-info:
      stress-ng-version: 0.07.09
      run-by: unknown
      date-yyyy-mm-dd: 2017:03:02
      time-hh-mm-ss: 07:47:20
      epoch-secs: 1488440840
      hostname: 61f41fbb6e81
      sysname: Linux
      nodename: 61f41fbb6e81
      release: 4.4.0-13-generic
      version: #29~14.04.1-Ubuntu SMP Fri Mar 11 20:25:40 UTC 2016
      machine: x86_64
      uptime: 729756
      totalram: 8245215232
      freeram: 5034979328
      sharedram: 3747840
      bufferram: 979689472
      totalswap: 0
      freeswap: 0
      pagesize: 4096
      cpus: 4
      cpus-online: 4
      ticks-per-second: 100

metrics:
    - stressor: cache
      bogo-ops: 167
      bogo-ops-per-second-usr-sys-time: 11.140761
      bogo-ops-per-second-real-time: 11.133673
      wall-clock-time: 14.999542
      user-time: 14.990000
      system-time: 0.000000

    - stressor: icache
      bogo-ops: 14192
      bogo-ops-per-second-usr-sys-time: 946.764510
      bogo-ops-per-second-real-time: 946.129363
      wall-clock-time: 15.000063
      user-time: 2.310000
      system-time: 12.680000

times:
      run-time: 30.001555
      available-cpu-time: 120.006220
      user-time: 17.299999
      system-time: 12.690000
      total-time: 29.990000
      user-time-percent: 14.415919
      system-time-percent: 10.574452
      total-time-percent: 24.990371
      load-average-1-minute: 3.840000
      load-average-5-minute: 5.110000
      load-average-15-minute: 3.560000
...
