---
system-info:
      stress-ng-version: 0.07.09
      run-by: unknown
      date-yyyy-mm-dd: 2017:03:02
      time-hh-mm-ss: 06:44:53
      epoch-secs: 1488437093
      hostname: 80f26be69829
      sysname: Linux
      nodename: 80f26be69829
      release: 4.4.0-45-generic
      version: #66-Ubuntu SMP Wed Oct 19 14:12:37 UTC 2016
      machine: x86_64
      uptime: 5535
      totalram: 67306053632
      freeram: 65620406272
      sharedram: 13090816
      bufferram: 95383552
      totalswap: 3221221376
      freeswap: 3221221376
      pagesize: 4096
      cpus: 32
      cpus-online: 32
      ticks-per-second: 100

metrics:
    - stressor: cache
      bogo-ops: 136
      bogo-ops-per-second-usr-sys-time: 2.756943
      bogo-ops-per-second-real-time: 9.066903
      wall-clock-time: 14.999610
      user-time: 49.330000
      system-time: 0.000000

    - stressor: icache
      bogo-ops: 52630
      bogo-ops-per-second-usr-sys-time: 877.751835
      bogo-ops-per-second-real-time: 3508.749011
      wall-clock-time: 14.999648
      user-time: 9.680000
      system-time: 50.280000

times:
      run-time: 30.007632
      available-cpu-time: 960.244232
      user-time: 59.040001
      system-time: 50.310001
      total-time: 109.349998
      user-time-percent: 6.148436
      system-time-percent: 5.239292
      total-time-percent: 11.387728
      load-average-1-minute: 2.610000
      load-average-5-minute: 4.130000
      load-average-15-minute: 3.320000
...
