---
system-info:
      stress-ng-version: 0.07.09
      run-by: unknown
      date-yyyy-mm-dd: 2017:03:02
      time-hh-mm-ss: 08:11:24
      epoch-secs: 1488442284
      hostname: e9cf59c5143e
      sysname: Linux
      nodename: e9cf59c5143e
      release: 3.13.0-106-generic
      version: #153~precise1-Ubuntu SMP Tue Dec 6 16:12:15 UTC 2016
      machine: x86_64
      uptime: 4801059
      totalram: 8371712000
      freeram: 5404733440
      sharedram: 0
      bufferram: 392380416
      totalswap: 8587833344
      freeswap: 8586891264
      pagesize: 4096
      cpus: 4
      cpus-online: 4
      ticks-per-second: 100

metrics:
    - stressor: cache
      bogo-ops: 310
      bogo-ops-per-second-usr-sys-time: 20.680454
      bogo-ops-per-second-real-time: 20.669512
      wall-clock-time: 14.997935
      user-time: 14.980000
      system-time: 0.010000

    - stressor: icache
      bogo-ops: 5896
      bogo-ops-per-second-usr-sys-time: 393.328886
      bogo-ops-per-second-real-time: 393.066954
      wall-clock-time: 14.999989
      user-time: 6.830000
      system-time: 8.160000

times:
      run-time: 30.004464
      available-cpu-time: 120.017857
      user-time: 21.809999
      system-time: 8.170000
      total-time: 29.980000
      user-time-percent: 18.172295
      system-time-percent: 6.807320
      total-time-percent: 24.979616
      load-average-1-minute: 3.510000
      load-average-5-minute: 4.930000
      load-average-15-minute: 3.630000
...
