---
system-info:
      stress-ng-version: 0.07.09
      run-by: unknown
      date-yyyy-mm-dd: 2017:03:02
      time-hh-mm-ss: 06:44:53
      epoch-secs: 1488437093
      hostname: 3d063022ea8a
      sysname: Linux
      nodename: 3d063022ea8a
      release: 4.4.0-45-generic
      version: #66-Ubuntu SMP Wed Oct 19 14:12:37 UTC 2016
      machine: x86_64
      uptime: 5447
      totalram: 16639115264
      freeram: 15021510656
      sharedram: 12636160
      bufferram: 94367744
      totalswap: 3221221376
      freeswap: 3221221376
      pagesize: 4096
      cpus: 16
      cpus-online: 16
      ticks-per-second: 100

metrics:
    - stressor: cache
      bogo-ops: 134
      bogo-ops-per-second-usr-sys-time: 2.721365
      bogo-ops-per-second-real-time: 8.933672
      wall-clock-time: 14.999432
      user-time: 49.240000
      system-time: 0.000000

    - stressor: icache
      bogo-ops: 44639
      bogo-ops-per-second-usr-sys-time: 744.479653
      bogo-ops-per-second-real-time: 2975.902730
      wall-clock-time: 15.000154
      user-time: 11.260000
      system-time: 48.700000

times:
      run-time: 30.005383
      available-cpu-time: 480.086128
      user-time: 60.540001
      system-time: 48.709999
      total-time: 109.250000
      user-time-percent: 12.610237
      system-time-percent: 10.146096
      total-time-percent: 22.756333
      load-average-1-minute: 2.720000
      load-average-5-minute: 4.140000
      load-average-15-minute: 3.250000
...
