---
system-info:
      stress-ng-version: 0.07.09
      run-by: unknown
      date-yyyy-mm-dd: 2017:03:02
      time-hh-mm-ss: 06:44:53
      epoch-secs: 1488437093
      hostname: ef360c79419d
      sysname: Linux
      nodename: ef360c79419d
      release: 4.4.0-45-generic
      version: #66-Ubuntu SMP Wed Oct 19 14:12:37 UTC 2016
      machine: x86_64
      uptime: 5715
      totalram: 67289772032
      freeram: 65609904128
      sharedram: 12603392
      bufferram: 78786560
      totalswap: 3221221376
      freeswap: 3221221376
      pagesize: 4096
      cpus: 16
      cpus-online: 16
      ticks-per-second: 100

metrics:
    - stressor: cache
      bogo-ops: 202
      bogo-ops-per-second-usr-sys-time: 4.207457
      bogo-ops-per-second-real-time: 13.467738
      wall-clock-time: 14.998807
      user-time: 48.010000
      system-time: 0.000000

    - stressor: icache
      bogo-ops: 43666
      bogo-ops-per-second-usr-sys-time: 728.373645
      bogo-ops-per-second-real-time: 2910.932767
      wall-clock-time: 15.000690
      user-time: 9.800000
      system-time: 50.150000

times:
      run-time: 30.008219
      available-cpu-time: 480.131504
      user-time: 57.830002
      system-time: 50.180000
      total-time: 108.010002
      user-time-percent: 12.044617
      system-time-percent: 10.451303
      total-time-percent: 22.495921
      load-average-1-minute: 2.320000
      load-average-5-minute: 3.830000
      load-average-15-minute: 3.120000
...
