---
system-info:
      stress-ng-version: 0.07.09
      run-by: unknown
      date-yyyy-mm-dd: 2017:03:02
      time-hh-mm-ss: 07:47:23
      epoch-secs: 1488440843
      hostname: a5cf43b49bfe
      sysname: Linux
      nodename: a5cf43b49bfe
      release: 3.13.0-106-generic
      version: #153~precise1-Ubuntu SMP Tue Dec 6 16:12:15 UTC 2016
      machine: x86_64
      uptime: 4799618
      totalram: 8371712000
      freeram: 5425176576
      sharedram: 0
      bufferram: 392200192
      totalswap: 8587833344
      freeswap: 8586891264
      pagesize: 4096
      cpus: 4
      cpus-online: 4
      ticks-per-second: 100

metrics:
    - stressor: cache
      bogo-ops: 292
      bogo-ops-per-second-usr-sys-time: 19.479653
      bogo-ops-per-second-real-time: 19.469351
      wall-clock-time: 14.997932
      user-time: 14.980000
      system-time: 0.010000

    - stressor: icache
      bogo-ops: 5482
      bogo-ops-per-second-usr-sys-time: 365.710474
      bogo-ops-per-second-real-time: 365.478558
      wall-clock-time: 14.999512
      user-time: 6.170000
      system-time: 8.820000

times:
      run-time: 30.004086
      available-cpu-time: 120.016343
      user-time: 21.150000
      system-time: 8.830000
      total-time: 29.980000
      user-time-percent: 17.622600
      system-time-percent: 7.357331
      total-time-percent: 24.979931
      load-average-1-minute: 3.640000
      load-average-5-minute: 5.000000
      load-average-15-minute: 3.510000
...
