---
system-info:
      stress-ng-version: 0.07.09
      run-by: unknown
      date-yyyy-mm-dd: 2017:03:02
      time-hh-mm-ss: 08:13:32
      epoch-secs: 1488442412
      hostname: 8350401e466d
      sysname: Linux
      nodename: 8350401e466d
      release: 4.2.0-35-generic
      version: #40~14.04.1-Ubuntu SMP Fri Mar 18 16:37:35 UTC 2016
      machine: x86_64
      uptime: 4800991
      totalram: 67517272064
      freeram: 64117489664
      sharedram: 4284416
      bufferram: 327901184
      totalswap: 68681723904
      freeswap: 68681723904
      pagesize: 4096
      cpus: 24
      cpus-online: 24
      ticks-per-second: 100

metrics:
    - stressor: cache
      bogo-ops: 210
      bogo-ops-per-second-usr-sys-time: 4.472843
      bogo-ops-per-second-real-time: 13.999816
      wall-clock-time: 15.000197
      user-time: 46.950000
      system-time: 0.000000

    - stressor: icache
      bogo-ops: 51599
      bogo-ops-per-second-usr-sys-time: 860.413540
      bogo-ops-per-second-real-time: 3439.961123
      wall-clock-time: 14.999879
      user-time: 9.590000
      system-time: 50.380000

times:
      run-time: 30.007992
      available-cpu-time: 720.191809
      user-time: 56.580002
      system-time: 50.400002
      total-time: 106.980003
      user-time-percent: 7.856241
      system-time-percent: 6.998136
      total-time-percent: 14.854377
      load-average-1-minute: 2.820000
      load-average-5-minute: 4.370000
      load-average-15-minute: 3.370000
...
