---
system-info:
      stress-ng-version: 0.07.09
      run-by: unknown
      date-yyyy-mm-dd: 2017:03:02
      time-hh-mm-ss: 06:20:21
      epoch-secs: 1488435621
      hostname: 1011f09c2f3d
      sysname: Linux
      nodename: 1011f09c2f3d
      release: 4.4.0-45-generic
      version: #66-Ubuntu SMP Wed Oct 19 14:12:37 UTC 2016
      machine: x86_64
      uptime: 4275
      totalram: 67289772032
      freeram: 65628639232
      sharedram: 12136448
      bufferram: 70905856
      totalswap: 3221221376
      freeswap: 3221221376
      pagesize: 4096
      cpus: 16
      cpus-online: 16
      ticks-per-second: 100

metrics:
    - stressor: cache
      bogo-ops: 107
      bogo-ops-per-second-usr-sys-time: 7.152406
      bogo-ops-per-second-real-time: 7.133600
      wall-clock-time: 14.999439
      user-time: 14.960000
      system-time: 0.000000

    - stressor: icache
      bogo-ops: 11401
      bogo-ops-per-second-usr-sys-time: 760.573716
      bogo-ops-per-second-real-time: 760.073009
      wall-clock-time: 14.999875
      user-time: 2.580000
      system-time: 12.410000

times:
      run-time: 30.001204
      available-cpu-time: 480.019264
      user-time: 17.540001
      system-time: 12.420000
      total-time: 29.959999
      user-time-percent: 3.654020
      system-time-percent: 2.587396
      total-time-percent: 6.241416
      load-average-1-minute: 3.220000
      load-average-5-minute: 4.670000
      load-average-15-minute: 3.310000
...
