---
system-info:
      stress-ng-version: 0.07.09
      run-by: unknown
      date-yyyy-mm-dd: 2017:03:02
      time-hh-mm-ss: 07:23:47
      epoch-secs: 1488439427
      hostname: c23e9045ffc0
      sysname: Linux
      nodename: c23e9045ffc0
      release: 3.13.0-106-generic
      version: #153-Ubuntu SMP Tue Dec 6 15:44:32 UTC 2016
      machine: x86_64
      uptime: 4798231
      totalram: 8372051968
      freeram: 5468180480
      sharedram: 0
      bufferram: 389226496
      totalswap: 8587833344
      freeswap: 8587833344
      pagesize: 4096
      cpus: 4
      cpus-online: 4
      ticks-per-second: 100

metrics:
    - stressor: cache
      bogo-ops: 598
      bogo-ops-per-second-usr-sys-time: 18.548387
      bogo-ops-per-second-real-time: 39.868142
      wall-clock-time: 14.999445
      user-time: 32.240000
      system-time: 0.000000

    - stressor: icache
      bogo-ops: 18735
      bogo-ops-per-second-usr-sys-time: 313.504016
      bogo-ops-per-second-real-time: 1249.028628
      wall-clock-time: 14.999656
      user-time: 21.700000
      system-time: 38.060000

times:
      run-time: 30.026383
      available-cpu-time: 120.105532
      user-time: 53.990002
      system-time: 38.099998
      total-time: 92.089996
      user-time-percent: 44.952136
      system-time-percent: 31.722101
      total-time-percent: 76.674234
      load-average-1-minute: 3.090000
      load-average-5-minute: 4.490000
      load-average-15-minute: 2.850000
...
