---
system-info:
      stress-ng-version: 0.07.09
      run-by: unknown
      date-yyyy-mm-dd: 2017:03:02
      time-hh-mm-ss: 08:11:21
      epoch-secs: 1488442281
      hostname: ad6fc9a44244
      sysname: Linux
      nodename: ad6fc9a44244
      release: 4.4.0-13-generic
      version: #29~14.04.1-Ubuntu SMP Fri Mar 11 20:25:40 UTC 2016
      machine: x86_64
      uptime: 731197
      totalram: 8245215232
      freeram: 5172056064
      sharedram: 3751936
      bufferram: 985534464
      totalswap: 0
      freeswap: 0
      pagesize: 4096
      cpus: 4
      cpus-online: 4
      ticks-per-second: 100

metrics:
    - stressor: cache
      bogo-ops: 180
      bogo-ops-per-second-usr-sys-time: 12.008005
      bogo-ops-per-second-real-time: 12.000309
      wall-clock-time: 14.999614
      user-time: 14.990000
      system-time: 0.000000

    - stressor: icache
      bogo-ops: 14327
      bogo-ops-per-second-usr-sys-time: 955.133333
      bogo-ops-per-second-real-time: 955.154087
      wall-clock-time: 14.999674
      user-time: 2.040000
      system-time: 12.960000

times:
      run-time: 30.001325
      available-cpu-time: 120.005301
      user-time: 17.030001
      system-time: 12.960000
      total-time: 29.990000
      user-time-percent: 14.191040
      system-time-percent: 10.799523
      total-time-percent: 24.990563
      load-average-1-minute: 3.650000
      load-average-5-minute: 4.960000
      load-average-15-minute: 3.640000
...
