---
system-info:
      stress-ng-version: 0.07.09
      run-by: unknown
      date-yyyy-mm-dd: 2017:03:02
      time-hh-mm-ss: 07:24:29
      epoch-secs: 1488439469
      hostname: 271ebb0f48a7
      sysname: Linux
      nodename: 271ebb0f48a7
      release: 4.4.0-59-generic
      version: #80-Ubuntu SMP Fri Jan 6 17:47:47 UTC 2017
      machine: x86_64
      uptime: 566315
      totalram: 8370167808
      freeram: 3434639360
      sharedram: 143785984
      bufferram: 689311744
      totalswap: 8587833344
      freeswap: 8587833344
      pagesize: 4096
      cpus: 4
      cpus-online: 4
      ticks-per-second: 100

metrics:
    - stressor: cache
      bogo-ops: 647
      bogo-ops-per-second-usr-sys-time: 19.482084
      bogo-ops-per-second-real-time: 43.131825
      wall-clock-time: 15.000524
      user-time: 33.210000
      system-time: 0.000000

    - stressor: icache
      bogo-ops: 18813
      bogo-ops-per-second-usr-sys-time: 314.703914
      bogo-ops-per-second-real-time: 1254.206519
      wall-clock-time: 14.999922
      user-time: 19.690000
      system-time: 40.090000

times:
      run-time: 30.036238
      available-cpu-time: 120.144952
      user-time: 52.930000
      system-time: 40.119999
      total-time: 93.050003
      user-time-percent: 44.055118
      system-time-percent: 33.392996
      total-time-percent: 77.448117
      load-average-1-minute: 3.280000
      load-average-5-minute: 4.580000
      load-average-15-minute: 2.860000
...
