---
system-info:
      stress-ng-version: 0.07.09
      run-by: unknown
      date-yyyy-mm-dd: 2017:03:02
      time-hh-mm-ss: 06:21:12
      epoch-secs: 1488435672
      hostname: 50b495849302
      sysname: Linux
      nodename: 50b495849302
      release: 4.4.0-45-generic
      version: #66-Ubuntu SMP Wed Oct 19 14:12:37 UTC 2016
      machine: x86_64
      uptime: 4026
      totalram: 16639115264
      freeram: 15039643648
      sharedram: 12636160
      bufferram: 88330240
      totalswap: 3221221376
      freeswap: 3221221376
      pagesize: 4096
      cpus: 16
      cpus-online: 16
      ticks-per-second: 100

metrics:
    - stressor: cache
      bogo-ops: 143
      bogo-ops-per-second-usr-sys-time: 3.194103
      bogo-ops-per-second-real-time: 9.533324
      wall-clock-time: 15.000014
      user-time: 44.770000
      system-time: 0.000000

    - stressor: icache
      bogo-ops: 45487
      bogo-ops-per-second-usr-sys-time: 758.495915
      bogo-ops-per-second-real-time: 3032.378669
      wall-clock-time: 15.000435
      user-time: 11.730000
      system-time: 48.240000

times:
      run-time: 30.008892
      available-cpu-time: 480.142273
      user-time: 56.549999
      system-time: 48.250000
      total-time: 104.800003
      user-time-percent: 11.777759
      system-time-percent: 10.049105
      total-time-percent: 21.826864
      load-average-1-minute: 2.610000
      load-average-5-minute: 4.000000
      load-average-15-minute: 3.100000
...
