---
system-info:
      stress-ng-version: 0.07.09
      run-by: unknown
      date-yyyy-mm-dd: 2017:03:02
      time-hh-mm-ss: 07:23:47
      epoch-secs: 1488439427
      hostname: fb3a2d0d48b5
      sysname: Linux
      nodename: fb3a2d0d48b5
      release: 3.13.0-108-generic
      version: #155-Ubuntu SMP Wed Jan 11 16:58:52 UTC 2017
      machine: x86_64
      uptime: 1341946
      totalram: 8372051968
      freeram: 6261026816
      sharedram: 0
      bufferram: 379277312
      totalswap: 8587833344
      freeswap: 8587833344
      pagesize: 4096
      cpus: 4
      cpus-online: 4
      ticks-per-second: 100

metrics:
    - stressor: cache
      bogo-ops: 546
      bogo-ops-per-second-usr-sys-time: 18.565114
      bogo-ops-per-second-real-time: 36.404446
      wall-clock-time: 14.998168
      user-time: 29.410000
      system-time: 0.000000

    - stressor: icache
      bogo-ops: 24219
      bogo-ops-per-second-usr-sys-time: 403.986656
      bogo-ops-per-second-real-time: 1614.636244
      wall-clock-time: 14.999663
      user-time: 19.510000
      system-time: 40.440000

times:
      run-time: 30.029879
      available-cpu-time: 120.119517
      user-time: 48.950001
      system-time: 40.480000
      total-time: 89.430000
      user-time-percent: 40.751080
      system-time-percent: 33.699769
      total-time-percent: 74.450849
      load-average-1-minute: 3.220000
      load-average-5-minute: 4.860000
      load-average-15-minute: 2.990000
...
