---
system-info:
      stress-ng-version: 0.07.09
      run-by: unknown
      date-yyyy-mm-dd: 2017:03:02
      time-hh-mm-ss: 06:20:21
      epoch-secs: 1488435621
      hostname: fbce714f447e
      sysname: Linux
      nodename: fbce714f447e
      release: 4.4.0-45-generic
      version: #66-Ubuntu SMP Wed Oct 19 14:12:37 UTC 2016
      machine: x86_64
      uptime: 3959
      totalram: 16639115264
      freeram: 15039414272
      sharedram: 12173312
      bufferram: 88227840
      totalswap: 3221221376
      freeswap: 3221221376
      pagesize: 4096
      cpus: 16
      cpus-online: 16
      ticks-per-second: 100

metrics:
    - stressor: cache
      bogo-ops: 58
      bogo-ops-per-second-usr-sys-time: 3.866667
      bogo-ops-per-second-real-time: 3.866789
      wall-clock-time: 14.999526
      user-time: 15.000000
      system-time: 0.000000

    - stressor: icache
      bogo-ops: 11675
      bogo-ops-per-second-usr-sys-time: 778.852568
      bogo-ops-per-second-real-time: 778.304485
      wall-clock-time: 15.000556
      user-time: 3.050000
      system-time: 11.940000

times:
      run-time: 30.002983
      available-cpu-time: 480.047729
      user-time: 18.049999
      system-time: 11.940000
      total-time: 29.990000
      user-time-percent: 3.760043
      system-time-percent: 2.487253
      total-time-percent: 6.247295
      load-average-1-minute: 3.200000
      load-average-5-minute: 4.680000
      load-average-15-minute: 3.290000
...
