---
system-info:
      stress-ng-version: 0.07.09
      run-by: unknown
      date-yyyy-mm-dd: 2017:03:02
      time-hh-mm-ss: 07:49:09
      epoch-secs: 1488440949
      hostname: 7170d71f5943
      sysname: Linux
      nodename: 7170d71f5943
      release: 4.2.0-35-generic
      version: #40~14.04.1-Ubuntu SMP Fri Mar 18 16:37:35 UTC 2016
      machine: x86_64
      uptime: 1342788
      totalram: 67540008960
      freeram: 65557635072
      sharedram: 3514368
      bufferram: 186789888
      totalswap: 2047864832
      freeswap: 2047864832
      pagesize: 4096
      cpus: 16
      cpus-online: 16
      ticks-per-second: 100

metrics:
    - stressor: cache
      bogo-ops: 129
      bogo-ops-per-second-usr-sys-time: 8.600000
      bogo-ops-per-second-real-time: 8.600771
      wall-clock-time: 14.998655
      user-time: 14.990000
      system-time: 0.010000

    - stressor: icache
      bogo-ops: 8576
      bogo-ops-per-second-usr-sys-time: 571.733333
      bogo-ops-per-second-real-time: 571.728372
      wall-clock-time: 15.000130
      user-time: 2.910000
      system-time: 12.090000

times:
      run-time: 30.003385
      available-cpu-time: 480.054157
      user-time: 17.900000
      system-time: 12.100000
      total-time: 30.000000
      user-time-percent: 3.728746
      system-time-percent: 2.520549
      total-time-percent: 6.249295
      load-average-1-minute: 3.730000
      load-average-5-minute: 4.760000
      load-average-15-minute: 3.250000
...
