---
system-info:
      stress-ng-version: 0.07.09
      run-by: unknown
      date-yyyy-mm-dd: 2017:03:02
      time-hh-mm-ss: 06:21:12
      epoch-secs: 1488435672
      hostname: 7987f1d1817e
      sysname: Linux
      nodename: 7987f1d1817e
      release: 4.4.0-45-generic
      version: #66-Ubuntu SMP Wed Oct 19 14:12:37 UTC 2016
      machine: x86_64
      uptime: 4293
      totalram: 67289772032
      freeram: 65615884288
      sharedram: 12603392
      bufferram: 71114752
      totalswap: 3221221376
      freeswap: 3221221376
      pagesize: 4096
      cpus: 16
      cpus-online: 16
      ticks-per-second: 100

metrics:
    - stressor: cache
      bogo-ops: 195
      bogo-ops-per-second-usr-sys-time: 4.352679
      bogo-ops-per-second-real-time: 12.999394
      wall-clock-time: 15.000699
      user-time: 44.800000
      system-time: 0.000000

    - stressor: icache
      bogo-ops: 37193
      bogo-ops-per-second-usr-sys-time: 620.607375
      bogo-ops-per-second-real-time: 2479.462208
      wall-clock-time: 15.000430
      user-time: 9.540000
      system-time: 50.390000

times:
      run-time: 30.026557
      available-cpu-time: 480.424908
      user-time: 54.380001
      system-time: 50.410000
      total-time: 104.790001
      user-time-percent: 11.319147
      system-time-percent: 10.492795
      total-time-percent: 21.811942
      load-average-1-minute: 2.490000
      load-average-5-minute: 3.990000
      load-average-15-minute: 3.080000
...
