---
system-info:
      stress-ng-version: 0.07.09
      run-by: unknown
      date-yyyy-mm-dd: 2017:03:02
      time-hh-mm-ss: 06:44:02
      epoch-secs: 1488437042
      hostname: dbd94a5d7438
      sysname: Linux
      nodename: dbd94a5d7438
      release: 4.4.0-45-generic
      version: #66-Ubuntu SMP Wed Oct 19 14:12:37 UTC 2016
      machine: x86_64
      uptime: 5482
      totalram: 67306053632
      freeram: 65635864576
      sharedram: 12623872
      bufferram: 95428608
      totalswap: 3221221376
      freeswap: 3221221376
      pagesize: 4096
      cpus: 32
      cpus-online: 32
      ticks-per-second: 100

metrics:
    - stressor: cache
      bogo-ops: 54
      bogo-ops-per-second-usr-sys-time: 3.602402
      bogo-ops-per-second-real-time: 3.600181
      wall-clock-time: 14.999244
      user-time: 14.970000
      system-time: 0.020000

    - stressor: icache
      bogo-ops: 13630
      bogo-ops-per-second-usr-sys-time: 909.272849
      bogo-ops-per-second-real-time: 908.707426
      wall-clock-time: 14.999327
      user-time: 1.750000
      system-time: 13.240000

times:
      run-time: 30.002035
      available-cpu-time: 960.065117
      user-time: 16.719999
      system-time: 13.270000
      total-time: 29.990000
      user-time-percent: 1.741548
      system-time-percent: 1.382198
      total-time-percent: 3.123746
      load-average-1-minute: 2.990000
      load-average-5-minute: 4.370000
      load-average-15-minute: 3.320000
...
