---
system-info:
      stress-ng-version: 0.07.09
      run-by: unknown
      date-yyyy-mm-dd: 2017:03:02
      time-hh-mm-ss: 06:44:02
      epoch-secs: 1488437042
      hostname: be771e3e5009
      sysname: Linux
      nodename: be771e3e5009
      release: 4.4.0-45-generic
      version: #66-Ubuntu SMP Wed Oct 19 14:12:37 UTC 2016
      machine: x86_64
      uptime: 5699
      totalram: 67289772032
      freeram: 65613860864
      sharedram: 12136448
      bufferram: 78688256
      totalswap: 3221221376
      freeswap: 3221221376
      pagesize: 4096
      cpus: 16
      cpus-online: 16
      ticks-per-second: 100

metrics:
    - stressor: cache
      bogo-ops: 111
      bogo-ops-per-second-usr-sys-time: 7.414830
      bogo-ops-per-second-real-time: 7.400270
      wall-clock-time: 14.999452
      user-time: 14.970000
      system-time: 0.000000

    - stressor: icache
      bogo-ops: 11400
      bogo-ops-per-second-usr-sys-time: 761.014686
      bogo-ops-per-second-real-time: 759.938748
      wall-clock-time: 15.001209
      user-time: 2.780000
      system-time: 12.200000

times:
      run-time: 30.002715
      available-cpu-time: 480.043442
      user-time: 17.760000
      system-time: 12.210000
      total-time: 29.969999
      user-time-percent: 3.699665
      system-time-percent: 2.543520
      total-time-percent: 6.243185
      load-average-1-minute: 3.260000
      load-average-5-minute: 4.620000
      load-average-15-minute: 3.440000
...
