---
system-info:
      stress-ng-version: 0.07.09
      run-by: unknown
      date-yyyy-mm-dd: 2017:03:02
      time-hh-mm-ss: 06:44:54
      epoch-secs: 1488437094
      hostname: faf584926c3c
      sysname: Linux
      nodename: faf584926c3c
      release: 4.4.0-45-generic
      version: #66-Ubuntu SMP Wed Oct 19 14:12:37 UTC 2016
      machine: x86_64
      uptime: 5288
      totalram: 50471026688
      freeram: 48847704064
      sharedram: 12877824
      bufferram: 96497664
      totalswap: 3221221376
      freeswap: 3221221376
      pagesize: 4096
      cpus: 32
      cpus-online: 32
      ticks-per-second: 100

metrics:
    - stressor: cache
      bogo-ops: 126
      bogo-ops-per-second-usr-sys-time: 3.116498
      bogo-ops-per-second-real-time: 8.400195
      wall-clock-time: 14.999651
      user-time: 40.430000
      system-time: 0.000000

    - stressor: icache
      bogo-ops: 46851
      bogo-ops-per-second-usr-sys-time: 781.762056
      bogo-ops-per-second-real-time: 3123.479819
      wall-clock-time: 14.999617
      user-time: 9.260000
      system-time: 50.670000

times:
      run-time: 30.010711
      available-cpu-time: 960.342751
      user-time: 49.720001
      system-time: 50.680000
      total-time: 100.400002
      user-time-percent: 5.177318
      system-time-percent: 5.277283
      total-time-percent: 10.454601
      load-average-1-minute: 2.370000
      load-average-5-minute: 4.060000
      load-average-15-minute: 3.270000
...
