---
system-info:
      stress-ng-version: 0.07.09
      run-by: unknown
      date-yyyy-mm-dd: 2017:03:02
      time-hh-mm-ss: 05:57:04
      epoch-secs: 1488434224
      hostname: 4797a5cdd5c7
      sysname: Linux
      nodename: 4797a5cdd5c7
      release: 4.4.0-45-generic
      version: #66-Ubuntu SMP Wed Oct 19 14:12:37 UTC 2016
      machine: x86_64
      uptime: 2573
      totalram: 16639115264
      freeram: 15416492032
      sharedram: 12632064
      bufferram: 67006464
      totalswap: 3221221376
      freeswap: 3221221376
      pagesize: 4096
      cpus: 16
      cpus-online: 16
      ticks-per-second: 100

metrics:
    - stressor: cache
      bogo-ops: 138
      bogo-ops-per-second-usr-sys-time: 2.725657
      bogo-ops-per-second-real-time: 9.199912
      wall-clock-time: 15.000143
      user-time: 50.630000
      system-time: 0.000000

    - stressor: icache
      bogo-ops: 45652
      bogo-ops-per-second-usr-sys-time: 761.374249
      bogo-ops-per-second-real-time: 3043.348613
      wall-clock-time: 15.000582
      user-time: 8.590000
      system-time: 51.370000

times:
      run-time: 30.008160
      available-cpu-time: 480.130558
      user-time: 59.250000
      system-time: 51.380001
      total-time: 110.629997
      user-time-percent: 12.340393
      system-time-percent: 10.701256
      total-time-percent: 23.041649
      load-average-1-minute: 2.630000
      load-average-5-minute: 4.100000
      load-average-15-minute: 2.640000
...
