---
system-info:
      stress-ng-version: 0.07.09
      run-by: unknown
      date-yyyy-mm-dd: 2017:03:02
      time-hh-mm-ss: 06:20:21
      epoch-secs: 1488435621
      hostname: 4f23d13c24b2
      sysname: Linux
      nodename: 4f23d13c24b2
      release: 4.4.0-45-generic
      version: #66-Ubuntu SMP Wed Oct 19 14:12:37 UTC 2016
      machine: x86_64
      uptime: 4063
      totalram: 67306053632
      freeram: 65657413632
      sharedram: 12627968
      bufferram: 87052288
      totalswap: 3221221376
      freeswap: 3221221376
      pagesize: 4096
      cpus: 32
      cpus-online: 32
      ticks-per-second: 100

metrics:
    - stressor: cache
      bogo-ops: 53
      bogo-ops-per-second-usr-sys-time: 3.535690
      bogo-ops-per-second-real-time: 3.533468
      wall-clock-time: 14.999430
      user-time: 14.980000
      system-time: 0.010000

    - stressor: icache
      bogo-ops: 13608
      bogo-ops-per-second-usr-sys-time: 907.805203
      bogo-ops-per-second-real-time: 907.225148
      wall-clock-time: 14.999584
      user-time: 2.430000
      system-time: 12.560000

times:
      run-time: 30.002307
      available-cpu-time: 960.073822
      user-time: 17.410000
      system-time: 12.570000
      total-time: 29.980000
      user-time-percent: 1.813402
      system-time-percent: 1.309274
      total-time-percent: 3.122676
      load-average-1-minute: 3.110000
      load-average-5-minute: 4.550000
      load-average-15-minute: 3.250000
...
