---
system-info:
      stress-ng-version: 0.07.09
      run-by: unknown
      date-yyyy-mm-dd: 2017:03:02
      time-hh-mm-ss: 05:56:14
      epoch-secs: 1488434174
      hostname: fb6db0d9d28f
      sysname: Linux
      nodename: fb6db0d9d28f
      release: 4.4.0-45-generic
      version: #66-Ubuntu SMP Wed Oct 19 14:12:37 UTC 2016
      machine: x86_64
      uptime: 2614
      totalram: 67306053632
      freeram: 66042212352
      sharedram: 12615680
      bufferram: 63238144
      totalswap: 3221221376
      freeswap: 3221221376
      pagesize: 4096
      cpus: 32
      cpus-online: 32
      ticks-per-second: 100

metrics:
    - stressor: cache
      bogo-ops: 54
      bogo-ops-per-second-usr-sys-time: 3.602402
      bogo-ops-per-second-real-time: 3.600193
      wall-clock-time: 14.999196
      user-time: 14.990000
      system-time: 0.000000

    - stressor: icache
      bogo-ops: 13784
      bogo-ops-per-second-usr-sys-time: 919.546364
      bogo-ops-per-second-real-time: 918.932588
      wall-clock-time: 15.000012
      user-time: 2.330000
      system-time: 12.660000

times:
      run-time: 30.002617
      available-cpu-time: 960.083748
      user-time: 17.320000
      system-time: 12.670000
      total-time: 29.990000
      user-time-percent: 1.804009
      system-time-percent: 1.319677
      total-time-percent: 3.123686
      load-average-1-minute: 3.030000
      load-average-5-minute: 4.520000
      load-average-15-minute: 2.700000
...
