---
system-info:
      stress-ng-version: 0.07.09
      run-by: unknown
      date-yyyy-mm-dd: 2017:03:02
      time-hh-mm-ss: 07:48:05
      epoch-secs: 1488440885
      hostname: a79e7edad069
      sysname: Linux
      nodename: a79e7edad069
      release: 4.4.0-13-generic
      version: #29~14.04.1-Ubuntu SMP Fri Mar 11 20:25:40 UTC 2016
      machine: x86_64
      uptime: 729800
      totalram: 8245215232
      freeram: 5027864576
      sharedram: 4214784
      bufferram: 979849216
      totalswap: 0
      freeswap: 0
      pagesize: 4096
      cpus: 4
      cpus-online: 4
      ticks-per-second: 100

metrics:
    - stressor: cache
      bogo-ops: 266
      bogo-ops-per-second-usr-sys-time: 6.985294
      bogo-ops-per-second-real-time: 17.732984
      wall-clock-time: 15.000295
      user-time: 38.080000
      system-time: 0.000000

    - stressor: icache
      bogo-ops: 52328
      bogo-ops-per-second-usr-sys-time: 872.715143
      bogo-ops-per-second-real-time: 3488.454737
      wall-clock-time: 15.000338
      user-time: 9.020000
      system-time: 50.940000

times:
      run-time: 30.014147
      available-cpu-time: 120.056587
      user-time: 47.119999
      system-time: 50.970001
      total-time: 98.089996
      user-time-percent: 39.248158
      system-time-percent: 42.454981
      total-time-percent: 81.703136
      load-average-1-minute: 3.250000
      load-average-5-minute: 4.750000
      load-average-15-minute: 3.510000
...
