---
system-info:
      stress-ng-version: 0.07.09
      run-by: unknown
      date-yyyy-mm-dd: 2017:03:02
      time-hh-mm-ss: 07:23:44
      epoch-secs: 1488439424
      hostname: 45009a3ea159
      sysname: Linux
      nodename: 45009a3ea159
      release: 4.4.0-59-generic
      version: #80-Ubuntu SMP Fri Jan 6 17:47:47 UTC 2017
      machine: x86_64
      uptime: 566270
      totalram: 8370167808
      freeram: 3435499520
      sharedram: 143323136
      bufferram: 689295360
      totalswap: 8587833344
      freeswap: 8587833344
      pagesize: 4096
      cpus: 4
      cpus-online: 4
      ticks-per-second: 100

metrics:
    - stressor: cache
      bogo-ops: 332
      bogo-ops-per-second-usr-sys-time: 22.222222
      bogo-ops-per-second-real-time: 22.137521
      wall-clock-time: 14.997163
      user-time: 14.930000
      system-time: 0.010000

    - stressor: icache
      bogo-ops: 5377
      bogo-ops-per-second-usr-sys-time: 359.185037
      bogo-ops-per-second-real-time: 358.481863
      wall-clock-time: 14.999364
      user-time: 3.940000
      system-time: 11.030000

times:
      run-time: 30.004258
      available-cpu-time: 120.017033
      user-time: 18.879999
      system-time: 11.040000
      total-time: 29.920000
      user-time-percent: 15.731100
      system-time-percent: 9.198694
      total-time-percent: 24.929795
      load-average-1-minute: 3.600000
      load-average-5-minute: 4.890000
      load-average-15-minute: 2.870000
...
