---
system-info:
      stress-ng-version: 0.07.09
      run-by: unknown
      date-yyyy-mm-dd: 2017:03:02
      time-hh-mm-ss: 06:20:21
      epoch-secs: 1488435621
      hostname: 572b7368e8d6
      sysname: Linux
      nodename: 572b7368e8d6
      release: 4.4.0-45-generic
      version: #66-Ubuntu SMP Wed Oct 19 14:12:37 UTC 2016
      machine: x86_64
      uptime: 3971
      totalram: 16639115264
      freeram: 15047020544
      sharedram: 12177408
      bufferram: 88154112
      totalswap: 3221221376
      freeswap: 3221221376
      pagesize: 4096
      cpus: 16
      cpus-online: 16
      ticks-per-second: 100

metrics:
    - stressor: cache
      bogo-ops: 56
      bogo-ops-per-second-usr-sys-time: 3.735824
      bogo-ops-per-second-real-time: 3.733480
      wall-clock-time: 14.999412
      user-time: 14.990000
      system-time: 0.000000

    - stressor: icache
      bogo-ops: 11799
      bogo-ops-per-second-usr-sys-time: 787.124750
      bogo-ops-per-second-real-time: 786.614891
      wall-clock-time: 14.999716
      user-time: 2.170000
      system-time: 12.820000

times:
      run-time: 30.002149
      available-cpu-time: 480.034382
      user-time: 17.170000
      system-time: 12.820000
      total-time: 29.990000
      user-time-percent: 3.576827
      system-time-percent: 2.670642
      total-time-percent: 6.247469
      load-average-1-minute: 3.130000
      load-average-5-minute: 4.490000
      load-average-15-minute: 3.200000
...
