---
system-info:
      stress-ng-version: 0.07.09
      run-by: unknown
      date-yyyy-mm-dd: 2017:03:02
      time-hh-mm-ss: 05:57:04
      epoch-secs: 1488434224
      hostname: b6ac3d8f00e9
      sysname: Linux
      nodename: b6ac3d8f00e9
      release: 4.4.0-45-generic
      version: #66-Ubuntu SMP Wed Oct 19 14:12:37 UTC 2016
      machine: x86_64
      uptime: 2573
      totalram: 16639115264
      freeram: 15413567488
      sharedram: 12627968
      bufferram: 67100672
      totalswap: 3221221376
      freeswap: 3221221376
      pagesize: 4096
      cpus: 16
      cpus-online: 16
      ticks-per-second: 100

metrics:
    - stressor: cache
      bogo-ops: 119
      bogo-ops-per-second-usr-sys-time: 2.503155
      bogo-ops-per-second-real-time: 7.933312
      wall-clock-time: 15.000040
      user-time: 47.540000
      system-time: 0.000000

    - stressor: icache
      bogo-ops: 45581
      bogo-ops-per-second-usr-sys-time: 760.316931
      bogo-ops-per-second-real-time: 3038.688874
      wall-clock-time: 15.000219
      user-time: 8.920000
      system-time: 51.030000

times:
      run-time: 30.009073
      available-cpu-time: 480.145164
      user-time: 56.500000
      system-time: 51.060001
      total-time: 107.559998
      user-time-percent: 11.767275
      system-time-percent: 10.634284
      total-time-percent: 22.401558
      load-average-1-minute: 2.540000
      load-average-5-minute: 3.970000
      load-average-15-minute: 2.560000
...
