---
system-info:
      stress-ng-version: 0.07.09
      run-by: unknown
      date-yyyy-mm-dd: 2017:03:02
      time-hh-mm-ss: 07:48:09
      epoch-secs: 1488440889
      hostname: fad5c05f08b2
      sysname: Linux
      nodename: fad5c05f08b2
      release: 3.13.0-106-generic
      version: #153-Ubuntu SMP Tue Dec 6 15:44:32 UTC 2016
      machine: x86_64
      uptime: 4799692
      totalram: 8372051968
      freeram: 5132263424
      sharedram: 0
      bufferram: 400244736
      totalswap: 8587833344
      freeswap: 8587833344
      pagesize: 4096
      cpus: 4
      cpus-online: 4
      ticks-per-second: 100

metrics:
    - stressor: cache
      bogo-ops: 536
      bogo-ops-per-second-usr-sys-time: 18.966737
      bogo-ops-per-second-real-time: 35.735384
      wall-clock-time: 14.999139
      user-time: 28.250000
      system-time: 0.010000

    - stressor: icache
      bogo-ops: 19381
      bogo-ops-per-second-usr-sys-time: 324.639866
      bogo-ops-per-second-real-time: 1292.078255
      wall-clock-time: 14.999865
      user-time: 21.700000
      system-time: 38.000000

times:
      run-time: 30.031574
      available-cpu-time: 120.126296
      user-time: 49.980000
      system-time: 38.029999
      total-time: 88.010002
      user-time-percent: 41.606210
      system-time-percent: 31.658346
      total-time-percent: 73.264560
      load-average-1-minute: 3.160000
      load-average-5-minute: 4.560000
      load-average-15-minute: 3.460000
...
