---
system-info:
      stress-ng-version: 0.07.09
      run-by: unknown
      date-yyyy-mm-dd: 2017:03:02
      time-hh-mm-ss: 08:12:09
      epoch-secs: 1488442329
      hostname: 2b567303b8f0
      sysname: Linux
      nodename: 2b567303b8f0
      release: 3.13.0-108-generic
      version: #155-Ubuntu SMP Wed Jan 11 16:58:52 UTC 2017
      machine: x86_64
      uptime: 1344848
      totalram: 8372051968
      freeram: 5926555648
      sharedram: 0
      bufferram: 386199552
      totalswap: 8587833344
      freeswap: 8587833344
      pagesize: 4096
      cpus: 4
      cpus-online: 4
      ticks-per-second: 100

metrics:
    - stressor: cache
      bogo-ops: 612
      bogo-ops-per-second-usr-sys-time: 19.348720
      bogo-ops-per-second-real-time: 40.802325
      wall-clock-time: 14.999145
      user-time: 31.620000
      system-time: 0.010000

    - stressor: icache
      bogo-ops: 24490
      bogo-ops-per-second-usr-sys-time: 408.916347
      bogo-ops-per-second-real-time: 1632.732168
      wall-clock-time: 14.999398
      user-time: 23.340000
      system-time: 36.550000

times:
      run-time: 30.024925
      available-cpu-time: 120.099700
      user-time: 55.000000
      system-time: 36.610001
      total-time: 91.610001
      user-time-percent: 45.795285
      system-time-percent: 30.483008
      total-time-percent: 76.278293
      load-average-1-minute: 3.520000
      load-average-5-minute: 5.020000
      load-average-15-minute: 3.820000
...
